id,hospital_1,hospital_2,subway_1,subway_2,school_1,school_2
14000US36005000100,6,7,4,5,2,2
14000US36005000200,7,8,5,6,1,1
14000US36005000400,8,9,5,6,1,1
14000US36005001600,9,10,5,6,1,1
14000US36005001900,6,6,1,3,1,1
14000US36005002000,9,10,5,5,1,1
14000US36005002300,6,6,1,4,1,1
14000US36005002400,8,9,4,4,1,1
14000US36005002500,4,4,1,3,1,1
14000US36005002701,4,4,1,1,1,2
14000US36005002702,5,5,1,2,1,1
14000US36005002800,12,13,3,3,1,1
14000US36005003100,8,9,1,1,1,1
14000US36005003300,6,6,2,2,1,1
14000US36005003500,7,8,2,2,1,1
14000US36005003700,5,6,3,3,1,1
14000US36005003800,10,10,4,4,1,1
14000US36005003900,3,3,2,3,1,1
14000US36005004001,9,9,2,4,1,1
14000US36005004100,1,2,3,3,1,1
14000US36005004200,11,11,3,3,1,1
14000US36005004300,3,4,1,4,1,1
14000US36005004400,10,11,2,2,2,2
14000US36005004600,9,10,3,3,1,1
14000US36005004800,11,12,1,2,1,1
14000US36005005001,11,12,2,2,1,1
14000US36005005002,12,12,1,2,1,2
14000US36005005100,4,4,1,3,1,1
14000US36005005200,11,12,1,1,1,2
14000US36005005300,6,7,4,5,1,1
14000US36005005400,13,13,1,2,1,1
14000US36005005600,14,14,2,3,1,1
14000US36005005902,3,3,1,1,1,1
14000US36005006000,10,10,1,2,1,1
14000US36005006100,4,4,2,2,1,1
14000US36005006200,12,12,1,3,1,1
14000US36005006300,2,2,1,1,2,2
14000US36005006400,11,11,1,2,2,2
14000US36005006500,1,1,2,2,1,1
14000US36005006700,1,3,2,4,1,1
14000US36005006800,11,12,1,1,1,2
14000US36005006900,1,4,3,5,1,2
14000US36005007000,11,11,1,3,1,3
14000US36005007100,6,6,3,4,1,1
14000US36005007200,8,8,1,3,1,1
14000US36005007300,6,7,1,3,1,1
14000US36005007400,10,10,4,6,1,1
14000US36005007500,5,7,1,4,1,1
14000US36005007600,10,10,1,2,1,2
14000US36005007700,7,8,1,3,1,1
14000US36005007800,8,8,2,3,1,1
14000US36005007900,7,8,1,2,1,1
14000US36005008300,10,10,1,3,1,1
14000US36005008400,9,10,4,6,1,2
14000US36005008500,9,10,1,2,1,1
14000US36005008600,9,9,3,5,1,2
14000US36005008700,11,12,2,4,1,1
14000US36005008900,11,12,1,2,1,1
14000US36005009000,8,9,5,5,2,2
14000US36005009200,7,7,1,3,1,2
14000US36005009300,7,8,3,5,1,1
14000US36005009600,5,5,1,1,1,2
14000US36005009800,8,8,2,4,1,1
14000US36005011000,8,8,4,5,1,1
14000US36005011502,9,10,1,3,1,1
14000US36005011700,7,8,3,5,1,1
14000US36005011800,11,12,5,6,2,2
14000US36005011900,10,11,1,2,1,1
14000US36005012101,9,10,1,1,1,2
14000US36005012102,10,11,1,2,1,2
14000US36005012300,11,12,1,3,1,1
14000US36005012500,8,8,1,2,1,1
14000US36005012701,9,9,1,2,1,2
14000US36005012901,10,12,2,5,1,1
14000US36005013000,11,11,5,6,1,1
14000US36005013100,8,10,2,3,1,1
14000US36005013200,10,10,6,6,1,2
14000US36005013300,5,6,2,5,1,1
14000US36005013500,4,7,5,6,1,1
14000US36005013800,12,12,4,5,1,2
14000US36005014100,2,4,4,4,1,1
14000US36005014300,3,3,4,5,1,1
14000US36005014400,9,9,5,5,1,1
14000US36005014500,1,6,5,6,1,1
14000US36005014701,3,8,7,7,1,1
14000US36005014702,5,6,5,6,1,1
14000US36005014900,6,10,4,6,1,1
14000US36005015100,7,9,3,5,1,1
14000US36005015200,9,9,5,5,1,1
14000US36005015300,6,9,2,3,1,1
14000US36005015500,7,12,1,5,1,1
14000US36005015700,10,13,3,3,1,1
14000US36005015800,10,10,5,6,1,1
14000US36005015900,10,10,1,1,1,1
14000US36005016000,11,11,3,4,1,1
14000US36005016100,8,13,1,4,1,1
14000US36005016200,10,10,4,5,1,1
14000US36005016300,4,10,3,4,1,1
14000US36005016400,9,9,3,4,1,1
14000US36005016500,2,9,4,5,1,1
14000US36005016600,7,7,3,4,1,1
14000US36005016700,4,8,4,5,1,1
14000US36005016900,6,6,6,6,1,1
14000US36005017100,5,7,3,4,1,1
14000US36005017300,5,5,4,4,1,1
14000US36005017500,2,4,3,4,1,1
14000US36005017701,1,4,3,4,1,1
14000US36005017702,2,5,2,5,1,1
14000US36005017901,2,3,2,3,1,1
14000US36005017902,3,4,1,3,1,2
14000US36005018101,3,4,2,4,1,1
14000US36005018102,3,3,1,3,1,1
14000US36005018301,4,5,2,2,1,1
14000US36005018302,5,6,3,3,1,1
14000US36005018400,9,9,2,2,1,1
14000US36005018500,4,5,4,5,1,1
14000US36005018900,3,4,2,2,1,1
14000US36005019300,3,4,3,3,1,1
14000US36005019400,6,6,2,3,1,1
14000US36005019500,3,4,1,1,1,2
14000US36005019700,1,1,1,1,1,1
14000US36005019900,2,3,2,3,1,1
14000US36005020000,3,3,1,2,1,2
14000US36005020100,4,5,3,3,1,1
14000US36005020200,4,4,1,2,1,1
14000US36005020400,4,4,2,3,1,1
14000US36005020501,5,6,3,5,1,1
14000US36005020502,7,8,4,5,1,1
14000US36005020601,5,5,1,1,1,1
14000US36005020900,6,7,1,3,1,1
14000US36005021001,5,5,3,3,1,1
14000US36005021002,6,6,2,2,1,1
14000US36005021100,4,5,2,4,1,1
14000US36005021200,7,7,1,3,1,2
14000US36005021301,5,6,3,4,1,2
14000US36005021302,4,5,2,5,1,1
14000US36005021501,7,8,3,5,1,1
14000US36005021502,6,7,3,4,1,1
14000US36005021601,9,9,2,3,1,1
14000US36005021602,8,8,1,3,1,1
14000US36005021700,8,9,1,3,1,1
14000US36005021800,9,9,1,2,1,1
14000US36005021900,3,4,1,4,1,1
14000US36005022000,8,8,1,2,1,2
14000US36005022101,2,3,1,3,1,1
14000US36005022102,2,3,2,2,1,1
14000US36005022200,6,6,1,2,1,1
14000US36005022300,5,5,1,2,1,1
14000US36005022401,7,7,1,2,1,2
14000US36005022403,6,6,1,2,1,1
14000US36005022404,6,6,1,2,1,1
14000US36005022500,4,6,2,5,1,1
14000US36005022701,7,10,1,1,1,1
14000US36005022702,7,8,1,2,1,2
14000US36005022703,7,8,1,2,1,1
14000US36005022800,5,5,1,2,1,1
14000US36005022901,5,9,1,2,1,1
14000US36005022902,6,8,2,3,1,2
14000US36005023000,6,6,1,3,1,2
14000US36005023100,3,9,2,3,1,1
14000US36005023200,6,6,2,3,1,1
14000US36005023301,7,11,2,2,1,1
14000US36005023302,4,10,1,2,1,2
14000US36005023501,5,10,1,1,1,2
14000US36005023502,5,11,1,2,1,2
14000US36005023600,7,7,1,2,1,1
14000US36005023702,8,9,1,2,1,2
14000US36005023703,8,8,1,1,1,1
14000US36005023704,7,9,1,2,1,1
14000US36005023800,5,5,3,4,1,1
14000US36005023900,8,8,1,2,1,1
14000US36005024000,8,8,1,2,1,2
14000US36005024100,6,10,1,1,1,2
14000US36005024300,9,11,2,4,1,1
14000US36005024400,4,4,3,4,1,1
14000US36005024501,9,10,4,5,1,1
14000US36005024502,9,10,4,5,1,1
14000US36005024600,4,4,1,2,1,1
14000US36005024700,7,8,5,5,1,1
14000US36005024800,3,3,1,1,1,2
14000US36005024900,9,9,4,4,1,1
14000US36005025000,2,2,2,2,1,1
14000US36005025100,7,8,1,2,1,1
14000US36005025200,4,4,4,4,1,1
14000US36005025300,7,9,1,2,1,1
14000US36005025400,3,3,3,3,2,2
14000US36005025500,6,9,2,3,1,1
14000US36005025600,3,3,2,3,2,2
14000US36005025700,8,9,3,4,1,1
14000US36005026100,6,10,2,3,1,2
14000US36005026300,6,9,1,2,1,2
14000US36005026400,8,8,1,1,1,2
14000US36005026500,8,10,1,2,1,2
14000US36005026601,8,8,1,1,1,2
14000US36005026602,9,9,1,1,1,2
14000US36005026701,7,9,2,3,1,1
14000US36005026702,8,8,2,3,1,1
14000US36005026900,5,10,2,2,2,2
14000US36005027300,9,9,2,3,1,1
14000US36005027401,10,10,2,3,1,1
14000US36005027402,10,10,2,3,1,2
14000US36005027600,10,10,1,2,1,1
14000US36005027700,9,11,1,2,1,1
14000US36005027900,9,9,1,1,1,1
14000US36005028100,8,8,3,3,1,1
14000US36005028300,8,10,1,1,1,2
14000US36005028400,7,7,1,1,1,2
14000US36005028500,8,11,1,1,1,2
14000US36005028600,2,2,2,3,2,2
14000US36005028700,8,11,1,1,1,1
14000US36005028800,1,1,2,3,1,2
14000US36005028900,8,12,1,3,1,1
14000US36005029301,4,14,3,3,1,2
14000US36005029302,5,14,3,4,1,1
14000US36005029500,6,12,2,3,1,1
14000US36005029600,1,1,4,4,1,1
14000US36005029700,6,13,3,3,1,1
14000US36005030000,9,9,1,1,2,2
14000US36005030100,5,14,4,4,1,1
14000US36005030200,10,10,1,2,1,1
14000US36005030701,6,13,3,3,1,1
14000US36005030900,6,14,4,4,1,1
14000US36005031000,100000,100000,100000,100000,1,1
14000US36005031200,2,2,2,3,1,1
14000US36005031400,1,2,3,3,1,2
14000US36005031600,2,3,2,2,1,1
14000US36005031800,3,4,1,2,1,2
14000US36005031900,8,14,4,5,1,3
14000US36005032300,7,13,3,4,1,2
14000US36005032400,5,5,2,4,1,1
14000US36005032600,4,4,1,3,1,2
14000US36005032800,7,7,2,3,1,1
14000US36005033000,6,8,1,2,1,1
14000US36005033201,7,8,1,2,1,2
14000US36005033202,6,9,1,2,1,2
14000US36005033400,7,8,1,2,1,3
14000US36005033500,7,12,2,2,2,2
14000US36005033600,5,8,1,1,2,2
14000US36005033700,8,13,3,4,1,3
14000US36005033800,4,8,1,1,2,2
14000US36005034000,3,7,1,2,1,2
14000US36005034200,2,6,2,3,1,2
14000US36005034300,8,13,3,4,1,3
14000US36005034400,2,5,3,3,1,2
14000US36005034500,8,12,2,3,1,3
14000US36005034800,3,4,2,3,1,2
14000US36005035000,4,4,1,3,1,2
14000US36005035100,8,11,1,2,2,2
14000US36005035600,100000,100000,100000,100000,1,1
14000US36005035800,4,4,1,1,2,2
14000US36005035900,10,12,1,4,1,1
14000US36005036000,3,3,1,2,1,2
14000US36005036100,8,10,1,2,1,1
14000US36005036300,7,11,2,3,1,1
14000US36005036400,3,5,1,2,1,2
14000US36005036501,6,12,3,4,1,1
14000US36005036502,3,14,8,8,1,1
14000US36005036700,2,13,7,8,1,1
14000US36005036800,1,7,4,4,2,2
14000US36005036901,1,12,6,7,1,1
14000US36005036902,1,12,6,7,1,1
14000US36005037000,1,6,3,3,1,1
14000US36005037100,4,14,5,6,1,1
14000US36005037200,2,7,3,5,1,1
14000US36005037300,4,14,7,7,1,1
14000US36005037400,4,6,1,1,1,3
14000US36005037504,4,13,5,5,1,1
14000US36005037600,4,6,1,1,1,3
14000US36005037800,3,4,1,2,2,2
14000US36005037900,3,12,3,3,1,1
14000US36005038000,2,5,1,3,1,1
14000US36005038100,4,11,2,2,1,2
14000US36005038200,1,7,3,4,1,2
14000US36005038301,6,9,1,2,1,1
14000US36005038302,6,10,2,3,1,1
14000US36005038500,6,11,3,4,1,1
14000US36005038600,3,6,2,2,1,2
14000US36005038700,10,10,4,4,1,1
14000US36005038800,2,7,3,3,1,1
14000US36005038900,7,10,5,5,1,1
14000US36005039000,4,6,1,2,1,1
14000US36005039100,6,11,6,6,1,1
14000US36005039200,4,5,1,2,2,2
14000US36005039300,7,12,7,7,1,1
14000US36005039400,5,6,1,1,2,2
14000US36005039500,2,11,4,4,1,1
14000US36005039600,5,7,1,1,1,2
14000US36005039700,8,8,3,4,1,1
14000US36005039800,2,7,3,3,1,2
14000US36005039901,8,8,1,2,1,1
14000US36005039902,7,9,1,2,1,1
14000US36005040100,9,9,1,1,1,2
14000US36005040302,7,7,1,3,1,2
14000US36005040303,7,7,1,2,1,2
14000US36005040304,8,8,1,1,1,1
14000US36005040400,3,8,3,4,1,1
14000US36005040501,7,7,1,3,1,1
14000US36005040502,6,6,2,3,1,1
14000US36005040600,6,7,1,2,1,2
14000US36005040701,6,6,1,1,2,2
14000US36005040702,5,5,2,2,1,2
14000US36005040800,6,6,1,2,1,1
14000US36005040900,7,7,1,2,1,2
14000US36005041100,6,6,1,1,1,2
14000US36005041300,5,5,1,1,1,2
14000US36005041400,7,7,1,1,1,1
14000US36005041500,4,4,2,2,1,2
14000US36005041800,5,5,1,1,2,2
14000US36005041900,1,1,1,1,1,1
14000US36005042000,6,6,1,2,1,2
14000US36005042100,1,1,1,1,2,2
14000US36005042200,5,7,1,2,1,1
14000US36005042300,3,3,1,3,1,1
14000US36005042400,4,9,3,3,1,1
14000US36005042500,3,3,1,2,1,1
14000US36005042600,7,8,3,3,1,1
14000US36005042800,6,8,2,3,1,2
14000US36005042901,4,4,2,4,1,1
14000US36005042902,3,3,2,3,1,1
14000US36005043000,5,8,2,3,1,2
14000US36005043100,3,3,2,3,1,1
14000US36005043400,6,7,1,2,1,1
14000US36005043500,2,2,1,3,1,2
14000US36005043600,6,7,1,2,1,2
14000US36005044200,7,8,1,2,2,2
14000US36005044400,7,9,2,3,1,2
14000US36005044800,7,9,3,3,1,1
14000US36005044901,3,3,2,3,1,2
14000US36005044902,3,3,2,3,1,2
14000US36005045101,4,4,2,2,1,1
14000US36005045102,4,4,2,2,1,2
14000US36005045600,8,8,1,3,1,1
14000US36005045800,5,7,2,4,1,1
14000US36005046000,4,6,1,3,1,1
14000US36005046201,100000,100000,100000,100000,1,1
14000US36005046202,6,6,1,2,1,1
14000US36005048400,6,7,1,2,1,1
14000US36005050400,11,11,2,3,1,1
14000US36005051600,12,12,3,4,1,2
14000US36047000100,6,8,1,1,1,1
14000US36047000200,13,16,2,3,1,1
14000US36047000301,6,9,1,2,2,3
14000US36047000501,6,9,1,1,2,3
14000US36047000502,5,9,1,1,2,2
14000US36047000700,7,10,2,2,2,2
14000US36047000900,5,9,1,1,1,2
14000US36047001100,3,8,1,1,1,1
14000US36047001300,4,7,1,1,1,1
14000US36047001500,1,6,2,2,1,1
14000US36047001800,9,12,2,3,2,2
14000US36047002000,10,13,1,2,1,2
14000US36047002100,4,6,1,1,1,2
14000US36047002200,10,13,2,3,1,1
14000US36047002300,3,5,2,2,1,1
14000US36047002901,1,1,3,3,1,1
14000US36047003000,10,12,2,3,1,2
14000US36047003100,2,2,2,2,1,1
14000US36047003300,3,3,1,1,1,1
14000US36047003400,3,11,6,7,2,2
14000US36047003500,4,4,1,1,1,2
14000US36047003600,11,12,2,2,1,2
14000US36047003700,1,6,1,1,1,2
14000US36047003800,4,12,5,6,3,3
14000US36047003900,4,5,2,2,1,1
14000US36047004100,2,6,1,2,1,1
14000US36047004300,6,10,1,2,1,1
14000US36047004400,4,12,5,6,3,3
14000US36047004500,7,11,3,3,1,1
14000US36047004600,4,12,5,6,3,3
14000US36047004700,8,11,3,3,1,2
14000US36047004900,8,11,3,3,1,2
14000US36047005000,4,11,4,5,2,3
14000US36047005100,9,10,3,4,1,1
14000US36047005201,4,11,4,5,2,3
14000US36047005202,5,11,3,4,3,3
14000US36047005300,8,11,2,3,1,1
14000US36047005400,6,11,2,3,2,2
14000US36047005601,5,10,3,4,3,3
14000US36047005602,6,10,2,4,2,3
14000US36047005800,7,11,1,2,1,1
14000US36047005900,9,9,3,3,1,1
14000US36047006000,8,12,1,2,1,1
14000US36047006200,9,12,1,2,1,1
14000US36047006300,8,11,2,3,1,1
14000US36047006400,10,12,1,2,1,1
14000US36047006500,7,11,1,2,1,1
14000US36047006600,11,12,1,2,1,2
14000US36047006700,7,11,2,3,1,1
14000US36047006800,11,12,1,2,1,1
14000US36047006900,5,9,1,3,1,1
14000US36047007000,11,13,1,2,1,1
14000US36047007100,3,7,2,3,1,1
14000US36047007200,11,14,1,3,1,1
14000US36047007400,12,15,1,1,1,1
14000US36047007500,5,9,1,3,1,1
14000US36047007600,11,14,1,2,2,2
14000US36047007700,7,11,1,1,1,2
14000US36047007800,11,14,1,2,1,1
14000US36047008000,12,15,1,2,1,1
14000US36047008200,13,16,1,3,1,1
14000US36047008400,15,15,1,3,1,1
14000US36047008500,9,10,3,4,1,1
14000US36047008600,14,17,2,3,1,2
14000US36047008800,15,16,2,2,1,1
14000US36047009000,15,17,1,3,1,2
14000US36047009200,15,17,2,3,1,1
14000US36047009400,15,17,3,3,1,1
14000US36047009600,13,16,3,3,1,1
14000US36047009800,12,15,2,3,1,2
14000US36047010000,12,15,2,2,1,3
14000US36047010100,13,16,1,1,1,1
14000US36047010200,13,15,1,2,2,2
14000US36047010400,14,15,1,3,1,2
14000US36047010600,13,16,2,3,2,2
14000US36047010800,14,17,3,3,1,2
14000US36047011000,17,18,1,2,1,1
14000US36047011200,16,17,1,1,1,1
14000US36047011400,15,16,2,2,1,1
14000US36047011600,14,15,2,2,1,1
14000US36047011700,9,12,1,1,1,2
14000US36047011800,14,15,1,3,1,2
14000US36047011900,8,10,1,2,1,1
14000US36047012000,14,15,1,3,1,2
14000US36047012100,9,11,1,1,1,2
14000US36047012200,12,15,1,2,1,2
14000US36047012600,13,14,1,2,1,2
14000US36047012700,4,6,2,2,1,1
14000US36047012801,13,14,1,3,1,2
14000US36047012901,5,6,1,1,1,1
14000US36047012902,6,6,1,1,2,2
14000US36047013000,13,13,1,2,1,1
14000US36047013100,6,8,1,3,1,1
14000US36047013200,12,13,2,3,1,1
14000US36047013300,7,9,1,3,1,2
14000US36047013400,12,13,2,2,1,2
14000US36047013500,8,10,2,2,1,1
14000US36047013600,11,12,1,2,2,2
14000US36047013700,9,11,1,2,1,1
14000US36047013800,10,12,1,2,2,2
14000US36047013900,10,12,1,2,1,2
14000US36047014000,10,12,3,3,1,2
14000US36047014100,11,13,1,2,1,1
14000US36047014200,11,11,2,2,1,2
14000US36047014300,11,14,1,1,1,2
14000US36047014500,11,14,1,1,1,2
14000US36047014700,16,16,2,4,1,1
14000US36047014800,10,12,4,4,1,2
14000US36047014900,15,15,3,4,1,1
14000US36047015000,9,12,3,4,1,1
14000US36047015100,11,13,1,2,1,1
14000US36047015200,9,9,1,2,1,2
14000US36047015300,10,12,1,2,1,1
14000US36047015400,8,10,2,3,1,2
14000US36047015500,8,10,3,3,1,1
14000US36047015700,7,9,2,2,1,1
14000US36047015900,8,8,1,1,1,2
14000US36047016000,9,10,1,1,1,1
14000US36047016100,7,7,1,1,2,2
14000US36047016200,7,11,1,3,1,2
14000US36047016300,6,8,1,1,1,1
14000US36047016400,8,10,1,3,1,2
14000US36047016500,8,10,3,3,1,1
14000US36047016600,9,11,3,4,1,1
14000US36047016700,11,13,1,1,1,2
14000US36047016800,7,11,3,4,1,2
14000US36047016900,12,12,1,2,1,1
14000US36047017000,9,11,3,3,1,2
14000US36047017100,11,11,1,2,1,2
14000US36047017200,8,12,3,4,1,1
14000US36047017400,7,12,3,4,1,2
14000US36047017500,16,17,1,3,2,2
14000US36047017600,6,12,3,3,1,2
14000US36047017700,10,10,1,2,1,2
14000US36047017800,7,13,1,2,1,1
14000US36047017900,6,6,1,2,1,2
14000US36047018000,8,12,2,3,1,1
14000US36047018100,5,5,1,1,1,1
14000US36047018200,9,14,1,2,1,1
14000US36047018300,4,4,3,3,1,1
14000US36047018400,10,13,2,3,1,2
14000US36047018501,1,1,4,5,1,1
14000US36047018600,10,14,2,2,1,1
14000US36047018700,3,3,3,4,1,1
14000US36047018800,11,15,1,3,1,2
14000US36047019000,11,15,1,3,1,2
14000US36047019100,2,4,2,2,1,1
14000US36047019200,13,17,1,1,2,2
14000US36047019300,1,5,1,3,1,1
14000US36047019400,13,16,2,2,1,1
14000US36047019500,3,4,1,3,1,1
14000US36047019600,12,15,2,3,1,1
14000US36047019700,4,5,1,2,1,2
14000US36047019800,11,14,2,3,2,2
14000US36047019900,5,6,1,1,1,1
14000US36047020000,11,13,3,4,1,2
14000US36047020100,3,8,1,2,1,1
14000US36047020200,11,13,4,4,1,2
14000US36047020300,5,8,2,3,1,1
14000US36047020400,11,13,4,4,1,1
14000US36047020500,6,9,2,3,1,1
14000US36047020600,11,13,3,4,1,1
14000US36047020700,7,10,1,4,1,1
14000US36047020800,12,14,3,4,1,2
14000US36047021000,13,15,2,4,1,1
14000US36047021100,1,1,4,5,1,1
14000US36047021200,14,16,1,3,1,1
14000US36047021300,11,11,2,2,1,1
14000US36047021400,14,15,1,2,1,1
14000US36047021500,8,11,1,3,1,1
14000US36047021600,14,16,1,2,1,1
14000US36047021700,9,11,1,1,1,2
14000US36047021800,15,16,1,1,1,2
14000US36047021900,9,10,1,1,1,2
14000US36047022000,16,16,1,2,1,2
14000US36047022100,8,9,1,2,1,1
14000US36047022200,17,17,1,1,1,2
14000US36047022400,16,16,1,2,1,1
14000US36047022600,15,15,2,2,1,2
14000US36047022700,3,9,1,1,1,2
14000US36047022800,14,14,2,4,1,1
14000US36047022900,2,8,1,2,1,1
14000US36047023000,15,15,2,3,1,1
14000US36047023100,2,7,1,2,1,1
14000US36047023200,16,16,2,3,1,1
14000US36047023300,1,7,1,2,1,1
14000US36047023400,16,17,2,3,1,2
14000US36047023500,1,6,2,2,1,1
14000US36047023600,15,17,2,2,2,2
14000US36047023800,15,17,1,2,1,2
14000US36047024000,14,17,1,1,1,1
14000US36047024100,2,7,1,2,1,2
14000US36047024200,13,17,1,1,1,1
14000US36047024300,4,8,1,3,1,1
14000US36047024400,14,14,2,3,1,1
14000US36047024500,4,8,1,1,1,1
14000US36047024600,14,14,1,3,1,2
14000US36047024700,6,6,1,3,1,1
14000US36047024800,13,14,1,3,1,2
14000US36047024900,5,7,1,2,1,1
14000US36047025000,12,16,1,1,1,2
14000US36047025100,5,8,2,3,1,1
14000US36047025200,12,14,1,2,1,2
14000US36047025300,3,6,1,2,1,1
14000US36047025400,13,14,1,4,1,2
14000US36047025500,5,5,1,1,1,1
14000US36047025600,12,13,1,4,1,1
14000US36047025700,3,4,2,2,1,1
14000US36047025800,12,13,2,3,1,1
14000US36047025901,3,4,2,3,1,1
14000US36047025902,2,3,3,3,1,1
14000US36047026000,12,13,1,3,2,2
14000US36047026100,4,5,2,4,1,1
14000US36047026200,10,14,1,2,1,1
14000US36047026300,5,6,3,4,1,1
14000US36047026400,9,13,1,2,2,2
14000US36047026500,6,6,3,4,1,1
14000US36047026600,11,12,2,2,1,1
14000US36047026700,6,7,2,3,1,1
14000US36047026800,10,11,3,3,1,1
14000US36047026900,5,7,1,3,1,1
14000US36047027000,9,10,3,3,1,1
14000US36047027100,4,7,1,5,1,1
14000US36047027200,10,11,3,3,1,2
14000US36047027300,5,6,1,5,1,1
14000US36047027400,9,12,2,2,1,2
14000US36047027500,5,5,2,6,1,1
14000US36047027600,8,13,1,1,1,2
14000US36047027700,4,4,3,5,1,1
14000US36047027800,6,13,1,1,1,2
14000US36047027900,3,3,4,4,1,1
14000US36047028000,6,13,3,3,1,2
14000US36047028100,2,2,3,4,1,1
14000US36047028200,5,12,2,3,1,2
14000US36047028300,1,2,3,3,1,1
14000US36047028400,6,13,1,1,1,2
14000US36047028501,1,1,1,4,1,1
14000US36047028502,1,2,2,4,1,2
14000US36047028600,4,11,2,3,1,2
14000US36047028700,1,3,1,4,1,1
14000US36047028800,7,12,1,2,1,1
14000US36047028900,1,4,2,5,1,1
14000US36047029000,6,11,1,2,1,1
14000US36047029100,2,5,3,4,1,1
14000US36047029200,4,11,2,3,1,2
14000US36047029300,4,6,3,5,1,1
14000US36047029400,3,10,3,3,1,2
14000US36047029500,4,5,2,4,1,1
14000US36047029600,5,10,1,2,1,1
14000US36047029700,4,5,1,4,1,1
14000US36047029800,5,8,1,3,1,2
14000US36047029900,6,7,2,4,1,1
14000US36047030000,4,8,1,3,1,1
14000US36047030100,5,7,3,4,1,1
14000US36047030200,3,8,1,3,1,1
14000US36047030300,5,7,3,4,1,1
14000US36047030400,2,9,2,4,1,2
14000US36047030500,7,10,1,3,1,1
14000US36047030600,7,7,1,3,1,1
14000US36047030700,7,8,3,4,1,1
14000US36047030800,6,6,1,2,1,1
14000US36047030900,2,7,2,3,1,1
14000US36047031100,3,8,1,4,1,1
14000US36047031300,4,6,2,3,1,1
14000US36047031400,1,9,3,3,1,2
14000US36047031500,6,7,1,3,1,1
14000US36047031701,7,8,2,2,1,1
14000US36047031702,8,9,1,2,1,1
14000US36047031900,8,8,1,1,1,1
14000US36047032100,9,9,1,2,1,2
14000US36047032300,9,9,2,2,1,1
14000US36047032500,10,10,2,2,1,1
14000US36047032600,1,8,2,4,1,1
14000US36047032700,9,9,1,3,1,1
14000US36047032800,3,11,5,5,1,1
14000US36047032900,7,7,1,2,1,1
14000US36047033000,2,10,4,4,1,1
14000US36047033100,2,3,2,5,1,2
14000US36047033300,3,4,1,6,2,3
14000US36047033500,3,4,1,6,2,3
14000US36047033600,3,11,5,5,1,2
14000US36047033700,4,5,1,5,2,3
14000US36047033900,4,5,1,4,1,2
14000US36047034000,2,10,4,6,1,1
14000US36047034100,4,5,1,4,1,2
14000US36047034200,2,10,4,5,1,1
14000US36047034300,2,8,2,3,1,1
14000US36047034500,1,8,2,3,1,1
14000US36047034700,6,8,3,4,1,1
14000US36047034800,2,6,1,2,1,1
14000US36047034900,4,8,1,3,1,2
14000US36047035000,3,5,1,1,1,2
14000US36047035100,3,9,1,4,1,2
14000US36047035200,3,6,1,1,1,2
14000US36047035300,2,9,1,4,1,1
14000US36047035400,4,4,1,1,1,1
14000US36047035500,2,5,6,7,1,1
14000US36047035601,4,4,2,2,1,1
14000US36047035602,5,5,1,3,1,1
14000US36047035700,5,7,2,2,1,1
14000US36047035900,6,6,2,3,1,1
14000US36047036001,4,4,1,1,2,2
14000US36047036002,3,3,1,2,1,2
14000US36047036100,5,7,2,4,1,1
14000US36047036200,3,3,1,2,1,2
14000US36047036300,5,7,3,4,1,1
14000US36047036400,2,2,1,3,1,1
14000US36047036501,3,7,1,3,1,1
14000US36047036502,4,5,2,2,1,1
14000US36047036600,1,2,2,4,1,1
14000US36047036700,3,5,1,1,1,1
14000US36047036900,2,7,1,2,1,1
14000US36047037000,1,1,3,3,1,2
14000US36047037100,3,5,1,2,1,1
14000US36047037300,3,4,1,2,1,2
14000US36047037401,1,1,2,3,1,2
14000US36047037402,2,2,1,2,1,1
14000US36047037500,4,5,1,2,1,1
14000US36047037700,5,5,2,2,1,1
14000US36047037900,5,6,1,3,1,1
14000US36047038100,6,6,2,3,1,1
14000US36047038200,5,5,1,1,1,1
14000US36047038300,5,6,2,2,1,1
14000US36047038500,4,7,2,2,1,1
14000US36047038600,4,4,1,1,1,2
14000US36047038700,4,8,1,3,1,1
14000US36047038800,3,3,1,2,1,2
14000US36047038900,2,3,1,2,1,2
14000US36047039000,2,2,2,3,2,2
14000US36047039100,2,4,1,2,1,2
14000US36047039200,3,3,2,2,2,3
14000US36047039300,4,7,1,2,1,1
14000US36047039400,3,3,2,3,2,2
14000US36047039500,2,7,2,2,1,1
14000US36047039600,4,4,1,2,2,2
14000US36047039700,3,4,1,2,1,1
14000US36047039800,5,5,1,1,1,2
14000US36047039900,2,4,1,2,1,1
14000US36047040000,5,5,1,1,1,1
14000US36047040100,2,4,1,3,1,1
14000US36047040200,5,6,1,1,2,2
14000US36047040300,1,6,1,1,1,2
14000US36047040400,6,8,2,2,1,2
14000US36047040500,2,5,1,1,2,2
14000US36047040600,6,7,1,2,1,2
14000US36047040700,2,4,1,1,2,2
14000US36047040800,6,6,1,1,1,2
14000US36047040900,3,4,1,2,1,1
14000US36047041000,6,6,1,2,1,2
14000US36047041100,2,5,1,2,1,1
14000US36047041200,6,6,1,2,2,2
14000US36047041300,2,5,2,2,1,1
14000US36047041401,5,5,1,2,1,3
14000US36047041402,4,4,2,3,1,2
14000US36047041500,3,5,2,3,1,1
14000US36047041600,4,4,2,3,1,2
14000US36047041700,1,5,2,3,1,1
14000US36047041800,5,5,3,3,1,2
14000US36047041900,1,7,2,2,1,1
14000US36047042000,6,6,2,3,1,2
14000US36047042100,2,6,1,2,1,2
14000US36047042200,6,6,1,1,1,2
14000US36047042300,3,5,1,2,1,1
14000US36047042400,7,7,1,2,1,3
14000US36047042500,3,5,2,2,1,1
14000US36047042600,7,7,1,2,2,2
14000US36047042700,5,5,2,2,1,1
14000US36047042800,7,8,1,2,1,1
14000US36047042900,4,5,2,2,1,1
14000US36047043000,9,10,1,3,1,1
14000US36047043100,3,6,1,2,1,1
14000US36047043200,9,9,1,3,2,2
14000US36047043300,4,8,3,3,1,1
14000US36047043400,8,8,2,2,1,2
14000US36047043500,4,5,2,2,1,1
14000US36047043600,9,9,1,2,1,2
14000US36047043700,3,4,2,3,1,1
14000US36047043800,7,7,1,2,1,2
14000US36047043900,3,4,1,2,1,1
14000US36047044000,8,8,1,1,2,2
14000US36047044100,4,6,1,1,1,2
14000US36047044200,7,7,2,3,1,1
14000US36047044300,5,5,1,2,1,1
14000US36047044400,9,9,1,2,2,2
14000US36047044500,6,6,1,1,1,1
14000US36047044600,10,10,1,2,1,3
14000US36047044700,6,7,1,2,1,1
14000US36047044800,10,10,1,1,1,2
14000US36047044900,4,4,2,3,1,1
14000US36047045000,10,11,1,1,2,2
14000US36047045200,9,10,2,2,1,2
14000US36047045300,4,5,1,2,1,2
14000US36047045400,8,9,2,3,1,1
14000US36047045600,9,11,2,2,1,3
14000US36047045800,10,11,2,2,1,3
14000US36047046000,11,11,2,2,1,1
14000US36047046201,11,12,1,1,2,2
14000US36047046202,11,12,1,1,2,2
14000US36047046400,12,13,1,2,1,1
14000US36047046800,13,13,2,2,1,1
14000US36047047000,15,15,2,3,1,1
14000US36047047200,14,15,2,3,1,2
14000US36047047400,14,15,2,3,1,2
14000US36047047600,13,14,1,2,1,2
14000US36047047700,2,3,1,3,1,1
14000US36047047800,14,15,1,2,1,1
14000US36047048000,12,13,1,2,1,2
14000US36047048100,3,3,1,3,1,1
14000US36047048200,11,11,2,3,1,1
14000US36047048400,12,12,2,3,1,1
14000US36047048500,5,5,1,1,1,1
14000US36047048600,14,14,1,4,1,2
14000US36047048800,13,13,2,3,1,2
14000US36047048900,2,2,2,2,1,1
14000US36047049000,12,12,3,3,1,2
14000US36047049100,2,2,1,2,1,1
14000US36047049200,11,11,2,3,1,2
14000US36047049300,3,3,1,3,1,1
14000US36047049400,12,12,2,2,1,1
14000US36047049500,1,1,1,1,1,2
14000US36047049600,14,14,1,3,1,1
14000US36047049700,2,2,1,2,1,2
14000US36047049800,14,14,1,3,1,1
14000US36047049900,4,4,2,3,1,1
14000US36047050000,13,13,1,2,1,1
14000US36047050100,2,3,1,1,1,2
14000US36047050202,11,11,1,2,1,1
14000US36047050300,1,2,1,2,1,1
14000US36047050400,13,13,1,3,1,1
14000US36047050500,2,2,2,2,1,1
14000US36047050600,9,9,1,2,1,2
14000US36047050700,3,3,1,1,1,1
14000US36047050801,7,7,1,2,2,2
14000US36047050803,6,6,1,2,2,2
14000US36047050804,7,7,1,1,1,3
14000US36047050900,4,4,1,1,1,1
14000US36047051001,8,8,2,2,1,1
14000US36047051002,8,8,1,2,1,1
14000US36047051100,3,3,1,2,1,1
14000US36047051200,9,9,1,2,1,1
14000US36047051300,3,4,1,1,1,1
14000US36047051400,8,8,1,1,1,2
14000US36047051500,3,4,2,2,1,1
14000US36047051601,7,7,2,2,2,2
14000US36047051602,7,7,2,2,2,3
14000US36047051700,2,3,1,2,1,1
14000US36047051800,8,8,1,1,2,2
14000US36047051900,1,4,1,4,1,1
14000US36047052000,9,9,1,1,1,2
14000US36047052300,5,6,1,3,1,1
14000US36047052500,5,6,1,3,1,1
14000US36047052600,10,10,1,2,1,1
14000US36047052700,5,6,1,2,1,1
14000US36047052800,11,11,1,2,2,2
14000US36047052900,5,6,1,2,1,1
14000US36047053000,10,12,1,1,2,3
14000US36047053100,3,5,1,3,1,1
14000US36047053200,9,11,1,1,2,3
14000US36047053300,4,6,2,2,1,1
14000US36047053400,8,10,1,2,1,2
14000US36047053500,5,6,2,4,1,1
14000US36047053700,3,6,3,3,1,2
14000US36047053800,7,10,1,3,1,2
14000US36047053900,4,6,3,4,1,1
14000US36047054200,6,7,2,2,1,2
14000US36047054300,2,2,3,4,1,1
14000US36047054400,5,8,1,1,2,2
14000US36047054500,5,5,4,5,1,1
14000US36047054600,6,9,2,2,1,1
14000US36047054700,4,5,3,4,1,1
14000US36047054800,6,9,3,4,1,1
14000US36047054900,3,4,2,3,1,1
14000US36047055000,5,8,2,4,1,1
14000US36047055100,3,4,2,3,1,1
14000US36047055200,4,7,1,3,1,1
14000US36047055300,1,3,1,4,1,1
14000US36047055400,5,7,1,3,1,2
14000US36047055500,2,3,2,3,1,2
14000US36047055600,4,5,2,2,1,1
14000US36047055700,2,2,1,3,2,2
14000US36047055800,3,6,2,3,1,1
14000US36047056000,2,7,2,4,1,1
14000US36047056100,1,3,2,2,1,3
14000US36047056200,1,7,3,3,2,2
14000US36047056300,1,4,1,3,2,2
14000US36047056400,2,8,4,4,1,3
14000US36047056500,1,4,1,2,1,3
14000US36047056600,1,8,4,5,2,2
14000US36047056800,2,9,5,6,1,1
14000US36047056900,2,3,1,2,1,1
14000US36047057000,3,9,6,6,1,2
14000US36047057100,3,4,1,3,1,2
14000US36047057200,4,8,5,6,1,1
14000US36047057300,2,5,1,2,1,1
14000US36047057400,1,7,3,4,2,3
14000US36047057500,1,5,1,2,1,3
14000US36047057600,1,6,2,3,1,3
14000US36047057800,2,6,1,2,1,2
14000US36047057900,2,6,1,1,2,2
14000US36047058000,3,5,1,1,2,2
14000US36047058200,4,4,1,2,1,3
14000US36047058400,3,4,1,2,2,2
14000US36047058600,4,4,1,2,1,2
14000US36047058800,2,3,2,2,1,2
14000US36047058900,3,4,2,3,1,2
14000US36047059000,3,4,1,3,1,2
14000US36047059100,3,4,2,2,1,2
14000US36047059200,3,4,2,2,1,1
14000US36047059300,3,4,2,3,1,2
14000US36047059401,3,5,2,3,1,1
14000US36047059402,4,6,3,4,1,1
14000US36047059600,5,7,3,5,1,1
14000US36047059800,6,8,4,6,1,1
14000US36047060000,4,6,2,4,1,2
14000US36047060600,3,4,1,3,1,2
14000US36047060800,5,5,1,4,1,1
14000US36047061002,4,4,1,3,1,2
14000US36047061003,3,3,2,3,1,1
14000US36047061004,4,4,2,2,1,1
14000US36047061200,5,6,2,4,1,1
14000US36047061600,6,7,3,5,1,1
14000US36047062000,6,6,2,5,1,2
14000US36047062200,6,8,4,6,1,1
14000US36047062600,5,9,5,7,1,1
14000US36047062800,5,9,5,6,1,2
14000US36047063200,3,10,6,6,1,1
14000US36047063600,4,10,6,6,1,2
14000US36047063800,3,9,5,5,1,2
14000US36047064000,4,10,6,6,1,1
14000US36047064200,6,10,4,5,1,2
14000US36047064400,5,11,5,6,1,2
14000US36047064600,6,11,6,6,1,3
14000US36047064800,6,10,6,7,1,2
14000US36047065000,7,9,5,7,2,2
14000US36047065200,7,11,7,9,1,2
14000US36047065400,6,12,8,8,1,2
14000US36047065600,5,11,7,7,1,1
14000US36047065800,5,11,7,7,1,2
14000US36047066000,6,12,8,8,1,3
14000US36047066200,6,12,8,8,2,3
14000US36047066600,5,8,4,5,1,1
14000US36047067000,7,11,7,8,2,3
14000US36047067200,7,11,7,8,1,1
14000US36047067400,8,10,6,8,1,2
14000US36047067600,9,9,6,8,1,1
14000US36047067800,9,10,7,9,1,2
14000US36047068000,8,10,7,8,1,2
14000US36047068200,7,11,7,8,2,2
14000US36047068600,8,10,6,7,1,1
14000US36047068800,8,11,6,7,1,2
14000US36047069000,8,11,7,8,2,2
14000US36047069200,9,10,8,8,2,2
14000US36047069601,10,10,7,8,1,2
14000US36047069602,9,10,7,8,1,1
14000US36047069800,8,10,6,7,1,2
14000US36047070000,8,9,6,7,1,1
14000US36047070201,7,9,5,6,1,1
14000US36047070202,6,9,4,5,1,2
14000US36047070203,7,8,5,6,1,2
14000US36047070600,7,8,5,6,2,2
14000US36047072000,9,10,8,8,1,2
14000US36047072200,8,9,7,7,1,1
14000US36047072400,7,8,6,7,1,2
14000US36047072600,6,7,3,5,1,2
14000US36047072800,8,9,6,8,1,1
14000US36047073000,8,9,5,7,1,2
14000US36047073200,7,8,4,6,2,2
14000US36047073400,8,8,3,5,1,3
14000US36047073600,8,8,4,6,1,3
14000US36047073800,7,9,5,6,1,2
14000US36047074000,8,8,3,5,1,2
14000US36047074200,8,9,3,4,1,2
14000US36047074400,7,10,4,5,1,2
14000US36047074600,6,10,5,6,2,2
14000US36047074800,8,10,4,4,1,1
14000US36047075000,8,8,2,3,1,1
14000US36047075200,9,9,2,3,1,2
14000US36047075400,8,10,3,3,1,1
14000US36047075600,7,11,4,4,2,2
14000US36047075800,7,10,3,3,1,1
14000US36047076000,8,10,2,2,1,1
14000US36047076200,9,10,1,2,2,2
14000US36047076400,10,10,1,3,1,2
14000US36047076600,10,10,2,4,1,1
14000US36047076800,7,9,1,2,1,1
14000US36047077000,8,8,3,3,1,1
14000US36047077200,9,9,3,3,1,1
14000US36047077400,7,7,1,3,1,2
14000US36047077600,7,7,2,4,2,2
14000US36047078000,6,6,2,4,1,2
14000US36047078200,5,5,2,3,1,2
14000US36047078400,6,6,1,3,2,2
14000US36047078600,6,6,1,2,1,2
14000US36047078800,6,6,1,2,1,1
14000US36047079000,6,6,2,2,2,2
14000US36047079200,6,6,3,3,1,1
14000US36047079400,5,5,2,2,1,1
14000US36047079601,7,7,1,2,3,3
14000US36047079602,5,5,2,3,1,1
14000US36047079801,8,8,1,2,2,2
14000US36047079802,8,8,1,1,2,3
14000US36047080000,5,5,1,2,1,1
14000US36047080200,5,5,2,2,1,1
14000US36047080400,3,3,1,3,1,1
14000US36047080600,2,2,3,4,1,1
14000US36047080800,1,2,4,4,1,2
14000US36047081000,2,2,3,4,1,1
14000US36047081400,2,2,4,4,1,2
14000US36047081600,1,1,2,2,1,2
14000US36047081800,2,2,1,1,2,2
14000US36047082000,3,3,1,2,1,1
14000US36047082200,4,4,2,2,1,1
14000US36047082400,3,3,1,1,1,1
14000US36047082600,4,4,1,2,1,2
14000US36047082800,5,5,1,1,1,1
14000US36047083000,4,4,1,2,1,1
14000US36047083200,4,4,2,3,2,2
14000US36047083400,4,5,3,3,1,2
14000US36047083600,5,6,3,5,1,1
14000US36047083800,4,5,4,4,1,1
14000US36047084000,5,6,5,5,1,2
14000US36047084600,6,7,6,6,1,2
14000US36047084800,5,6,6,6,1,1
14000US36047085000,4,5,5,5,1,2
14000US36047085200,3,4,4,4,2,2
14000US36047085400,3,3,2,2,1,2
14000US36047085600,2,2,2,2,1,2
14000US36047085800,2,3,4,4,1,2
14000US36047086000,5,5,6,6,1,2
14000US36047086200,6,6,5,7,1,1
14000US36047086400,6,7,3,5,1,2
14000US36047086600,6,6,4,6,1,1
14000US36047086800,5,5,5,7,1,1
14000US36047087000,4,4,6,6,1,2
14000US36047087200,3,3,5,5,1,2
14000US36047087401,1,3,4,5,1,1
14000US36047087600,2,4,5,6,1,1
14000US36047087800,8,8,4,6,1,1
14000US36047088000,8,8,3,5,1,1
14000US36047088200,8,8,2,5,1,1
14000US36047088400,7,7,1,4,1,2
14000US36047088600,5,8,3,4,1,1
14000US36047088800,4,9,3,4,1,1
14000US36047089000,3,10,2,3,1,1
14000US36047089200,7,7,1,4,1,1
14000US36047089400,2,11,1,3,1,1
14000US36047089600,3,10,2,2,1,1
14000US36047089800,1,10,1,2,1,1
14000US36047090000,5,8,1,5,1,1
14000US36047090200,3,8,3,4,1,1
14000US36047090600,3,6,3,3,1,1
14000US36047090800,4,6,1,3,1,1
14000US36047091000,4,7,1,1,1,1
14000US36047091200,1,8,1,3,1,1
14000US36047091600,2,9,1,3,1,1
14000US36047091800,3,8,1,2,1,1
14000US36047092000,3,7,1,2,1,1
14000US36047092200,9,12,2,3,1,1
14000US36047092400,2,8,3,4,1,1
14000US36047092800,6,10,4,5,1,1
14000US36047093000,6,9,4,5,1,1
14000US36047093200,6,7,5,6,1,2
14000US36047093400,7,8,4,5,1,1
14000US36047093600,8,8,5,5,1,1
14000US36047093800,7,7,4,6,1,1
14000US36047094401,7,8,7,7,1,2
14000US36047094402,8,9,6,7,1,1
14000US36047094600,7,8,6,6,1,1
14000US36047095000,9,10,5,6,1,1
14000US36047095400,9,10,4,5,1,2
14000US36047095600,10,11,5,6,1,1
14000US36047095800,8,11,3,4,1,1
14000US36047096000,6,9,3,4,1,2
14000US36047096200,7,10,2,3,1,1
14000US36047096400,9,12,2,3,1,1
14000US36047096600,10,11,2,3,1,2
14000US36047096800,9,12,1,2,1,1
14000US36047097000,8,11,2,3,1,1
14000US36047097400,10,11,1,1,1,2
14000US36047098200,9,10,1,2,1,1
14000US36047098400,10,11,2,3,1,1
14000US36047098600,10,11,3,4,1,1
14000US36047098800,11,12,2,2,1,1
14000US36047099000,11,12,4,4,1,1
14000US36047099200,10,11,3,4,1,1
14000US36047099400,10,11,4,5,1,2
14000US36047099600,10,11,5,6,1,1
14000US36047099800,10,11,6,7,1,1
14000US36047100400,9,10,5,6,2,2
14000US36047100600,9,10,5,6,1,2
14000US36047100800,9,10,5,6,1,2
14000US36047101000,10,10,5,5,1,2
14000US36047101200,10,11,4,4,1,1
14000US36047101400,10,11,4,5,1,1
14000US36047101600,10,11,4,5,1,1
14000US36047101800,9,12,5,6,1,1
14000US36047102000,9,10,5,6,1,2
14000US36047102200,9,10,5,5,1,2
14000US36047102400,9,9,5,6,1,1
14000US36047102600,8,9,5,6,1,3
14000US36047102800,8,9,6,6,2,2
14000US36047103400,8,9,6,6,1,2
14000US36047105801,7,10,5,6,1,1
14000US36047105804,8,10,6,7,1,1
14000US36047107000,6,9,4,5,1,1
14000US36047107800,5,10,6,6,1,1
14000US36047109800,9,11,1,2,1,1
14000US36047110400,7,8,3,4,1,1
14000US36047110600,7,8,4,4,1,1
14000US36047111000,7,8,4,4,1,1
14000US36047111600,4,10,5,6,1,1
14000US36047111800,3,9,4,5,1,1
14000US36047112000,2,6,1,2,1,1
14000US36047112200,4,5,1,1,1,1
14000US36047112400,4,4,1,1,2,2
14000US36047112600,4,4,1,1,1,1
14000US36047112800,6,6,2,3,1,1
14000US36047113000,5,5,1,1,1,1
14000US36047113200,5,6,1,1,1,2
14000US36047113400,5,5,1,2,1,1
14000US36047114201,3,3,1,1,1,2
14000US36047114202,4,4,1,2,1,2
14000US36047114400,1,1,1,1,1,2
14000US36047114600,3,3,1,2,1,2
14000US36047115000,3,3,1,2,1,1
14000US36047115200,2,2,1,3,1,1
14000US36047115600,3,3,2,3,1,1
14000US36047115800,2,2,2,2,1,1
14000US36047116000,3,3,1,1,2,2
14000US36047116200,2,4,1,2,1,2
14000US36047116400,1,5,1,2,1,1
14000US36047116600,2,5,1,3,1,1
14000US36047116800,3,5,1,1,1,1
14000US36047117000,4,4,1,2,1,1
14000US36047117201,5,5,1,2,1,1
14000US36047117202,4,6,1,1,1,2
14000US36047117400,4,7,1,2,1,2
14000US36047117601,4,7,1,1,1,2
14000US36047117602,5,7,1,1,1,1
14000US36047117800,4,8,1,2,1,2
14000US36047118000,6,6,1,2,1,1
14000US36047118201,6,8,1,2,1,1
14000US36047118202,7,8,1,2,1,1
14000US36047118400,6,9,2,3,1,1
14000US36047118600,5,10,2,2,1,2
14000US36047118800,6,11,1,3,1,2
14000US36047119000,4,9,1,2,1,1
14000US36047119200,2,7,1,1,1,1
14000US36047119400,1,7,2,4,1,1
14000US36047119600,4,9,1,2,1,1
14000US36047119800,2,2,1,1,1,2
14000US36047120000,6,11,1,2,1,2
14000US36047120200,7,12,1,3,1,2
14000US36047120800,5,11,2,3,1,1
14000US36047121000,3,9,4,4,1,1
14000US36047121400,5,11,3,4,1,1
14000US36047122000,5,10,3,4,1,1
14000US36047123700,2,6,2,3,1,2
14000US36047150200,12,12,1,3,1,2
14000US36047152200,10,10,1,2,1,1
14000US36061000100,8,12,2,3,1,2
14000US36061000201,2,2,3,4,1,1
14000US36061000202,3,3,3,4,1,1
14000US36061000500,7,11,1,2,1,1
14000US36061000600,1,1,2,5,2,2
14000US36061000700,4,8,1,2,2,2
14000US36061000800,1,3,2,3,1,1
14000US36061000900,5,9,1,2,1,2
14000US36061001001,4,4,3,4,2,2
14000US36061001002,3,4,3,4,1,2
14000US36061001200,1,3,3,3,1,1
14000US36061001300,7,11,1,1,1,1
14000US36061001401,1,2,2,5,1,1
14000US36061001402,3,5,1,1,1,1
14000US36061001501,3,7,2,2,1,1
14000US36061001502,4,8,1,2,1,2
14000US36061001600,3,3,1,2,1,1
14000US36061001800,3,4,2,2,1,1
14000US36061002000,3,3,3,4,1,2
14000US36061002100,6,10,1,1,3,3
14000US36061002201,1,5,3,3,1,1
14000US36061002202,2,4,4,4,1,1
14000US36061002400,3,4,3,4,2,2
14000US36061002500,1,4,3,4,1,1
14000US36061002601,3,3,4,5,1,1
14000US36061002602,2,4,3,5,1,1
14000US36061002700,1,5,2,3,1,1
14000US36061002800,2,5,3,5,1,1
14000US36061002900,2,6,1,2,1,1
14000US36061003001,4,7,5,5,1,1
14000US36061003002,5,7,4,6,1,1
14000US36061003100,3,7,1,1,2,2
14000US36061003200,4,5,4,6,1,1
14000US36061003300,4,6,1,1,2,2
14000US36061003400,1,7,1,2,1,1
14000US36061003601,3,6,1,2,1,1
14000US36061003602,4,7,1,3,1,1
14000US36061003700,8,8,3,3,1,2
14000US36061003800,5,6,2,4,1,1
14000US36061003900,7,8,2,3,1,1
14000US36061004000,3,6,1,3,1,1
14000US36061004100,1,5,1,1,1,2
14000US36061004200,5,11,1,1,2,2
14000US36061004300,1,7,1,1,3,3
14000US36061004400,3,4,4,4,1,2
14000US36061004500,2,6,1,1,1,3
14000US36061004700,4,6,1,2,1,1
14000US36061004800,3,4,1,2,1,1
14000US36061004900,3,7,1,1,2,2
14000US36061005000,100000,100000,100000,100000,1,1
14000US36061005200,7,9,1,1,1,1
14000US36061005400,7,9,1,2,1,1
14000US36061005501,3,9,1,1,3,3
14000US36061005502,2,8,1,1,2,4
14000US36061005600,6,6,1,1,1,1
14000US36061005700,3,9,1,1,1,3
14000US36061005800,8,8,1,1,1,2
14000US36061005900,4,10,1,2,1,2
14000US36061006000,3,3,3,4,1,2
14000US36061006100,5,10,1,1,1,2
14000US36061006200,2,3,2,3,1,2
14000US36061006300,7,11,1,2,1,1
14000US36061006400,2,2,3,4,1,1
14000US36061006500,4,10,1,1,2,2
14000US36061006600,1,1,4,4,1,1
14000US36061006700,5,9,1,2,1,1
14000US36061006800,6,6,1,1,1,1
14000US36061006900,7,9,2,3,1,1
14000US36061007000,1,1,3,3,1,1
14000US36061007100,6,12,1,1,1,2
14000US36061007200,3,3,1,3,1,1
14000US36061007300,6,10,1,1,1,2
14000US36061007400,4,4,1,1,1,1
14000US36061007500,7,9,2,3,1,2
14000US36061007600,8,8,1,1,1,3
14000US36061007700,7,11,1,1,2,2
14000US36061007800,2,2,2,3,1,1
14000US36061007900,8,10,3,3,2,2
14000US36061008000,5,5,1,1,3,4
14000US36061008100,8,12,1,1,1,2
14000US36061008200,6,6,1,1,3,3
14000US36061008300,9,11,2,2,1,1
14000US36061008400,7,7,1,1,2,3
14000US36061008601,3,4,2,3,1,1
14000US36061008602,4,4,2,3,1,1
14000US36061008603,3,3,2,2,1,2
14000US36061008700,9,11,1,1,2,2
14000US36061008800,3,3,1,2,1,2
14000US36061008900,10,12,2,3,1,1
14000US36061009000,4,4,1,2,2,2
14000US36061009100,10,10,1,1,1,2
14000US36061009200,4,4,1,1,2,3
14000US36061009300,10,12,1,2,1,1
14000US36061009400,5,5,1,1,2,3
14000US36061009500,9,9,1,2,1,2
14000US36061009600,6,6,1,1,1,2
14000US36061009700,11,12,1,2,1,1
14000US36061009800,4,4,1,1,1,1
14000US36061009900,9,11,2,3,1,2
14000US36061010000,6,6,1,1,2,2
14000US36061010100,9,9,1,1,1,2
14000US36061010200,6,6,1,1,3,3
14000US36061010300,11,11,1,1,1,1
14000US36061010400,7,7,1,1,4,4
14000US36061010601,3,3,2,3,1,2
14000US36061010602,2,2,1,3,1,2
14000US36061010800,6,6,1,2,1,1
14000US36061010900,10,10,1,1,2,2
14000US36061011000,5,5,1,2,1,2
14000US36061011100,11,11,1,2,1,2
14000US36061011201,8,8,1,1,3,3
14000US36061011202,7,7,1,1,2,2
14000US36061011203,6,6,1,1,1,1
14000US36061011300,9,9,1,1,2,3
14000US36061011401,7,7,1,1,3,3
14000US36061011402,7,7,1,1,2,2
14000US36061011500,11,11,1,2,1,1
14000US36061011600,1,1,1,3,1,2
14000US36061011700,13,13,1,3,1,1
14000US36061011800,4,4,1,2,1,1
14000US36061011900,9,9,1,1,1,2
14000US36061012000,6,6,1,1,1,3
14000US36061012100,11,11,1,2,1,1
14000US36061012200,6,6,1,1,2,3
14000US36061012400,1,1,2,3,1,1
14000US36061012500,8,8,1,1,1,2
14000US36061012600,4,4,1,2,1,1
14000US36061012700,12,12,2,2,1,1
14000US36061012800,5,5,1,1,1,2
14000US36061012900,13,13,2,3,1,1
14000US36061013000,6,6,1,1,2,2
14000US36061013100,9,9,1,1,2,2
14000US36061013200,2,2,3,3,1,1
14000US36061013300,11,11,2,2,1,1
14000US36061013400,3,3,1,2,1,1
14000US36061013500,13,14,3,4,1,1
14000US36061013600,3,3,3,4,1,1
14000US36061013700,9,9,1,1,3,3
14000US36061013800,4,4,1,2,1,2
14000US36061013900,11,11,2,2,1,1
14000US36061014000,6,6,1,2,1,2
14000US36061014200,6,6,1,2,1,2
14000US36061014300,7,7,1,1,1,2
14000US36061014401,4,4,2,4,1,2
14000US36061014402,3,3,3,3,1,1
14000US36061014500,11,11,1,1,1,2
14000US36061014601,5,5,1,3,1,2
14000US36061014602,4,5,1,3,1,1
14000US36061014700,13,13,3,3,1,1
14000US36061014801,7,7,1,2,1,2
14000US36061014802,8,8,1,3,1,3
14000US36061014900,12,12,1,2,1,2
14000US36061015001,7,7,2,2,1,2
14000US36061015002,8,8,1,2,1,2
14000US36061015100,12,13,3,3,1,1
14000US36061015200,2,2,4,4,1,1
14000US36061015300,13,13,1,1,1,2
14000US36061015400,3,4,2,2,1,1
14000US36061015500,11,14,2,3,1,2
14000US36061015601,2,3,1,3,1,1
14000US36061015602,2,3,1,4,1,1
14000US36061015700,12,12,1,1,1,2
14000US36061015801,10,10,1,3,1,1
14000US36061015802,11,11,1,4,1,1
14000US36061015900,11,14,1,2,1,1
14000US36061016001,9,9,1,2,2,2
14000US36061016002,10,10,1,3,2,2
14000US36061016100,11,11,1,2,1,1
14000US36061016200,3,3,4,5,1,1
14000US36061016300,10,13,2,2,2,2
14000US36061016400,5,5,3,4,1,1
14000US36061016500,9,9,1,2,1,1
14000US36061016600,7,7,1,4,1,1
14000US36061016700,10,12,1,2,1,2
14000US36061016800,8,8,2,5,1,1
14000US36061016900,9,9,1,1,1,1
14000US36061017000,4,4,2,4,1,1
14000US36061017100,9,12,1,2,1,2
14000US36061017200,7,7,1,2,1,1
14000US36061017300,9,9,1,2,1,2
14000US36061017401,8,9,3,3,1,1
14000US36061017402,7,8,2,2,1,1
14000US36061017500,8,12,1,2,1,2
14000US36061017700,8,10,2,2,1,1
14000US36061017800,2,11,5,6,1,1
14000US36061017900,7,11,2,2,1,1
14000US36061018000,4,6,2,5,1,1
14000US36061018100,8,10,1,2,1,1
14000US36061018200,5,7,1,3,1,1
14000US36061018300,6,10,2,3,1,1
14000US36061018400,6,8,1,2,2,2
14000US36061018500,7,10,1,2,1,1
14000US36061018600,100000,100000,1,100000,1,1
14000US36061018700,5,9,2,2,1,1
14000US36061018800,3,7,3,3,1,1
14000US36061018900,6,9,1,2,1,1
14000US36061019000,7,7,1,2,1,1
14000US36061019100,4,8,1,1,2,2
14000US36061019200,1,10,5,6,1,1
14000US36061019300,6,7,1,1,1,1
14000US36061019400,2,7,3,3,1,1
14000US36061019500,3,8,1,2,1,2
14000US36061019600,4,5,1,2,1,1
14000US36061019701,5,5,2,2,2,2
14000US36061019702,5,6,1,2,1,1
14000US36061019800,4,4,2,2,1,1
14000US36061019900,3,7,1,1,1,1
14000US36061020000,3,3,1,3,1,1
14000US36061020101,4,5,1,2,2,2
14000US36061020102,4,5,1,2,1,2
14000US36061020300,4,5,1,2,2,2
14000US36061020500,2,7,1,2,2,2
14000US36061020600,4,4,2,4,1,1
14000US36061020701,4,5,2,2,1,1
14000US36061020800,3,3,1,4,1,1
14000US36061020901,2,3,1,4,1,1
14000US36061021000,2,2,2,2,1,1
14000US36061021100,1,6,1,2,2,2
14000US36061021200,1,1,1,3,1,1
14000US36061021303,2,3,2,2,1,1
14000US36061021400,2,3,1,2,1,2
14000US36061021500,1,2,2,4,1,1
14000US36061021600,6,6,2,2,1,1
14000US36061021703,4,4,1,2,1,1
14000US36061021800,5,5,2,2,1,1
14000US36061021900,1,6,1,2,1,1
14000US36061022000,3,3,2,2,1,1
14000US36061022102,2,6,1,3,1,1
14000US36061022200,1,1,1,3,1,1
14000US36061022301,3,6,1,3,1,1
14000US36061022302,2,6,2,2,1,2
14000US36061022400,1,2,2,4,1,1
14000US36061022500,3,5,1,2,1,2
14000US36061022600,3,3,3,5,1,1
14000US36061022700,2,6,1,1,1,1
14000US36061022800,2,2,2,3,1,1
14000US36061022900,4,4,1,1,2,2
14000US36061023000,2,3,2,3,1,1
14000US36061023100,2,6,1,2,1,1
14000US36061023200,1,4,1,2,1,1
14000US36061023300,4,5,2,2,2,3
14000US36061023400,2,5,1,2,1,1
14000US36061023501,5,7,1,2,1,1
14000US36061023502,4,6,1,2,1,1
14000US36061023600,4,5,1,2,1,1
14000US36061023700,5,5,2,2,3,3
14000US36061023801,2,2,1,4,1,2
14000US36061023802,5,5,4,5,1,2
14000US36061023900,6,7,1,2,1,1
14000US36061024000,2,9,3,4,1,1
14000US36061024100,4,5,1,3,2,2
14000US36061024200,6,7,1,4,1,1
14000US36061024301,7,8,1,2,1,1
14000US36061024302,5,7,1,2,1,2
14000US36061024500,6,7,1,1,1,1
14000US36061024700,4,6,1,3,2,2
14000US36061024900,9,10,2,4,1,1
14000US36061025100,1,10,1,1,1,1
14000US36061025300,1,8,1,2,1,1
14000US36061025500,3,6,2,2,1,1
14000US36061025700,2,3,1,2,1,1
14000US36061025900,1,5,1,3,1,1
14000US36061026100,4,8,1,2,1,1
14000US36061026300,3,8,1,2,1,1
14000US36061026500,4,8,1,1,1,2
14000US36061026700,6,7,2,2,1,1
14000US36061026900,6,6,1,2,1,1
14000US36061027100,6,8,1,2,1,1
14000US36061027300,6,7,1,2,1,1
14000US36061027500,5,7,1,2,1,2
14000US36061027700,8,8,1,3,1,1
14000US36061027900,6,7,1,1,1,1
14000US36061028100,6,7,1,2,1,1
14000US36061028300,3,10,2,3,1,1
14000US36061028500,2,10,1,3,1,1
14000US36061028700,4,8,1,3,1,1
14000US36061029100,1,13,2,2,1,1
14000US36061029300,3,13,1,1,1,1
14000US36061029500,2,14,1,3,1,1
14000US36061029700,3,14,2,2,1,1
14000US36061029900,4,11,1,1,1,2
14000US36061030300,5,12,1,1,1,1
14000US36061030700,5,13,1,2,1,1
14000US36061030900,7,12,1,3,1,1
14000US36061031100,5,6,2,3,1,1
14000US36061031703,8,9,3,3,1,1
14000US36061031704,9,10,2,2,1,1
14000US36061031900,8,11,2,2,1,1
14000US36081000100,4,8,1,1,2,3
14000US36081000200,9,10,1,2,1,1
14000US36081000400,8,9,1,3,2,2
14000US36081000600,7,10,2,2,1,2
14000US36081000700,4,7,1,1,1,2
14000US36081000800,8,11,1,3,2,2
14000US36081001000,9,12,1,3,1,2
14000US36081001200,10,11,1,2,1,2
14000US36081001400,11,13,1,2,1,1
14000US36081001600,9,12,2,2,1,2
14000US36081001800,10,13,1,3,1,1
14000US36081001900,6,9,1,1,1,3
14000US36081002000,11,14,1,3,1,1
14000US36081002200,12,13,1,2,1,2
14000US36081002400,13,14,1,2,1,1
14000US36081002500,7,10,1,1,1,2
14000US36081002600,14,15,1,2,1,1
14000US36081002800,13,15,1,3,1,1
14000US36081003000,12,15,2,2,1,1
14000US36081003100,9,10,1,2,1,1
14000US36081003200,11,16,2,3,1,2
14000US36081003300,9,10,1,2,1,1
14000US36081003400,8,11,2,2,1,2
14000US36081003600,9,12,2,2,1,3
14000US36081003700,6,6,5,6,1,1
14000US36081003800,11,16,2,2,1,1
14000US36081003900,6,6,5,6,1,1
14000US36081004001,10,15,1,2,1,1
14000US36081004002,10,15,1,2,1,1
14000US36081004200,8,12,1,2,1,2
14000US36081004300,7,7,6,7,1,1
14000US36081004401,7,13,1,2,1,2
14000US36081004500,6,6,3,3,1,1
14000US36081004700,7,7,2,2,1,1
14000US36081005000,8,14,1,1,2,2
14000US36081005100,9,9,1,1,1,1
14000US36081005200,9,13,1,2,1,2
14000US36081005300,8,8,1,1,1,2
14000US36081005400,9,14,1,1,1,1
14000US36081005500,7,10,1,1,1,1
14000US36081005700,8,10,2,2,1,1
14000US36081005800,8,13,2,2,1,1
14000US36081005900,9,9,1,2,1,2
14000US36081006100,8,8,1,1,2,2
14000US36081006201,7,12,3,3,1,1
14000US36081006202,6,11,3,3,1,1
14000US36081006300,8,8,1,2,1,1
14000US36081006501,7,8,1,1,2,2
14000US36081006502,7,8,1,2,2,3
14000US36081006900,6,6,1,2,1,1
14000US36081007100,6,6,2,2,1,1
14000US36081007300,7,7,2,2,1,1
14000US36081007500,7,7,1,2,1,2
14000US36081007700,5,5,3,4,1,1
14000US36081007900,5,5,3,4,1,1
14000US36081008100,4,4,4,5,1,1
14000US36081008300,4,4,3,3,1,1
14000US36081008500,7,7,6,7,1,1
14000US36081008600,9,14,1,2,1,1
14000US36081008700,3,3,4,4,2,2
14000US36081008800,8,13,1,1,1,2
14000US36081009100,4,4,4,4,1,2
14000US36081009400,11,15,1,2,1,1
14000US36081009500,5,6,2,3,1,2
14000US36081009600,11,14,1,2,1,2
14000US36081009700,4,7,2,2,1,1
14000US36081009800,12,14,1,1,2,2
14000US36081009900,5,7,2,3,2,2
14000US36081010000,12,13,1,2,1,2
14000US36081010100,4,8,2,3,1,2
14000US36081010200,12,12,2,3,1,2
14000US36081010300,3,8,3,3,1,2
14000US36081010400,13,13,1,2,1,2
14000US36081010500,3,9,2,4,1,2
14000US36081010600,12,13,1,2,2,2
14000US36081010701,4,8,2,4,1,2
14000US36081010800,13,14,1,1,1,1
14000US36081011000,13,15,1,2,1,2
14000US36081011100,4,8,1,3,1,2
14000US36081011200,11,16,1,2,1,1
14000US36081011300,5,8,1,3,1,2
14000US36081011400,12,17,2,3,1,2
14000US36081011500,5,8,1,2,1,2
14000US36081011600,13,16,2,3,1,1
14000US36081011700,6,7,1,3,1,2
14000US36081011800,14,14,2,2,1,1
14000US36081011900,6,6,3,4,1,1
14000US36081012000,13,14,2,2,1,2
14000US36081012100,6,6,3,5,1,1
14000US36081012200,12,13,2,2,1,1
14000US36081012301,6,6,3,5,1,1
14000US36081012400,13,14,1,3,1,1
14000US36081012500,6,8,1,2,1,3
14000US36081012601,14,15,1,3,1,2
14000US36081012602,14,15,2,2,1,1
14000US36081012800,14,14,1,2,1,2
14000US36081013000,13,13,1,3,1,2
14000US36081013200,13,13,2,2,1,1
14000US36081013400,12,12,2,2,2,2
14000US36081013500,5,6,4,4,1,2
14000US36081013600,11,11,2,2,1,2
14000US36081013700,5,6,3,4,1,2
14000US36081013800,10,10,1,2,1,2
14000US36081014000,11,11,1,2,1,2
14000US36081014100,6,7,3,3,1,2
14000US36081014201,10,11,1,2,1,2
14000US36081014202,9,10,1,2,2,2
14000US36081014300,7,8,2,3,2,2
14000US36081014400,11,12,1,3,1,2
14000US36081014500,6,8,3,3,2,2
14000US36081014700,6,9,3,3,1,1
14000US36081014800,10,11,2,3,1,2
14000US36081014900,7,10,2,2,1,1
14000US36081015000,10,11,2,3,1,1
14000US36081015100,5,8,2,3,1,1
14000US36081015200,9,10,3,4,1,2
14000US36081015300,6,9,1,3,1,1
14000US36081015400,10,11,3,3,1,1
14000US36081015500,7,10,1,3,1,2
14000US36081015600,11,12,3,3,1,1
14000US36081015700,8,11,1,3,1,1
14000US36081015801,10,11,4,4,2,2
14000US36081015802,11,12,2,3,1,2
14000US36081015900,7,10,1,2,2,2
14000US36081016100,6,9,1,2,1,2
14000US36081016300,4,7,1,2,1,1
14000US36081016400,11,12,3,4,1,2
14000US36081016600,12,12,3,4,1,2
14000US36081016800,11,11,3,3,1,1
14000US36081016900,2,9,1,2,1,2
14000US36081017000,11,11,4,5,1,2
14000US36081017100,6,11,1,2,1,1
14000US36081017200,10,10,5,5,1,1
14000US36081017400,10,10,5,6,1,2
14000US36081017600,9,9,6,6,1,1
14000US36081017800,9,9,6,6,1,1
14000US36081017900,7,10,1,5,1,1
14000US36081018000,8,8,5,6,1,2
14000US36081018101,6,10,1,3,1,1
14000US36081018102,5,9,1,2,1,1
14000US36081018200,7,8,6,7,1,1
14000US36081018300,4,9,1,2,1,2
14000US36081018401,5,7,7,7,1,1
14000US36081018402,6,8,6,7,1,2
14000US36081018501,4,8,2,2,1,1
14000US36081018502,4,8,2,2,1,1
14000US36081018600,7,8,6,6,1,1
14000US36081018700,5,8,3,3,1,2
14000US36081018800,7,9,6,7,1,1
14000US36081018900,6,9,2,4,1,1
14000US36081019000,7,8,5,5,1,2
14000US36081019200,8,9,5,6,1,1
14000US36081019400,8,9,5,5,1,1
14000US36081019600,7,8,4,4,1,1
14000US36081019800,8,9,3,5,1,1
14000US36081019900,6,8,3,4,1,1
14000US36081020200,9,10,3,5,1,2
14000US36081020400,8,9,2,4,1,2
14000US36081020500,5,7,3,3,2,2
14000US36081020600,8,9,2,4,1,2
14000US36081020800,7,8,1,3,1,3
14000US36081021200,7,8,1,1,1,3
14000US36081021400,8,8,1,1,1,1
14000US36081021600,9,9,1,2,1,2
14000US36081021900,6,6,3,3,1,2
14000US36081022001,8,8,1,3,2,2
14000US36081022002,7,7,2,2,1,1
14000US36081022900,2,6,2,3,1,2
14000US36081023000,5,5,2,3,1,1
14000US36081023200,6,6,1,3,1,1
14000US36081023500,3,7,1,3,1,2
14000US36081023600,5,6,1,2,1,1
14000US36081023800,6,7,1,1,1,2
14000US36081024000,5,6,1,1,1,2
14000US36081024300,2,5,2,2,1,2
14000US36081024500,1,6,2,2,2,2
14000US36081024600,4,5,1,3,1,2
14000US36081024700,2,6,1,1,2,2
14000US36081024900,1,7,1,2,2,2
14000US36081025100,2,8,1,3,1,1
14000US36081025301,3,9,1,1,2,2
14000US36081025302,3,9,1,2,2,2
14000US36081025400,5,6,2,4,1,1
14000US36081025500,2,8,1,2,1,1
14000US36081025700,2,7,1,2,1,2
14000US36081025800,6,7,4,6,1,1
14000US36081025900,1,6,1,1,1,1
14000US36081026000,6,7,3,5,1,1
14000US36081026100,2,6,1,1,2,2
14000US36081026200,7,7,4,6,1,1
14000US36081026300,3,5,1,2,1,3
14000US36081026400,5,8,5,6,1,1
14000US36081026500,4,5,1,1,1,2
14000US36081026600,4,8,5,6,1,1
14000US36081026700,3,4,1,1,1,2
14000US36081026901,3,4,1,2,1,2
14000US36081026902,3,3,1,1,1,2
14000US36081027000,6,7,4,6,1,2
14000US36081027100,4,4,2,2,1,3
14000US36081027200,6,8,5,6,2,2
14000US36081027300,4,6,2,2,1,1
14000US36081027400,5,8,5,7,1,2
14000US36081027500,3,6,1,3,1,1
14000US36081027600,5,9,6,7,1,2
14000US36081027700,2,7,2,4,1,1
14000US36081027800,4,9,7,7,1,1
14000US36081027900,1,7,3,3,1,2
14000US36081028000,4,8,6,7,1,1
14000US36081028100,1,6,2,4,1,1
14000US36081028200,2,7,6,9,1,2
14000US36081028300,1,5,1,3,1,1
14000US36081028400,2,7,7,8,1,1
14000US36081028500,2,5,2,2,1,1
14000US36081028700,3,5,2,2,1,1
14000US36081028800,2,8,9,9,1,1
14000US36081028900,4,5,2,2,1,1
14000US36081029100,4,4,1,2,1,2
14000US36081029300,3,5,1,2,1,1
14000US36081029400,4,7,8,9,1,1
14000US36081029500,3,6,1,2,1,1
14000US36081029700,3,6,2,2,1,1
14000US36081029900,4,5,3,3,2,2
14000US36081030600,4,6,7,8,1,1
14000US36081030902,3,4,2,3,1,1
14000US36081030903,3,4,3,3,1,1
14000US36081030904,4,4,3,4,1,2
14000US36081031700,5,5,4,4,1,2
14000US36081032000,4,6,8,9,1,1
14000US36081032700,2,5,3,4,1,1
14000US36081032800,1,5,10,11,1,1
14000US36081032900,3,6,4,5,2,2
14000US36081033000,3,3,10,10,1,1
14000US36081033100,5,6,5,5,1,2
14000US36081033401,2,5,8,10,1,1
14000US36081033402,1,5,9,11,1,1
14000US36081033700,3,6,4,5,1,2
14000US36081033900,4,7,4,5,1,1
14000US36081034700,4,7,5,5,1,2
14000US36081035100,4,7,4,5,1,1
14000US36081035200,3,6,11,11,1,1
14000US36081035300,5,7,4,5,1,1
14000US36081035700,5,6,5,5,1,1
14000US36081035800,1,6,11,11,1,1
14000US36081036100,6,6,4,4,1,1
14000US36081036300,5,7,3,4,1,1
14000US36081036500,4,7,3,4,1,2
14000US36081036600,4,5,8,11,1,1
14000US36081036700,5,6,4,4,1,2
14000US36081036800,3,6,7,10,1,2
14000US36081037100,4,7,4,4,2,2
14000US36081037300,3,8,3,3,1,2
14000US36081037500,5,5,1,3,2,2
14000US36081037600,3,6,9,12,1,1
14000US36081037700,5,6,2,3,1,2
14000US36081037900,4,7,2,3,1,1
14000US36081038100,2,9,2,2,1,1
14000US36081038301,2,11,1,2,2,2
14000US36081038302,3,11,3,4,2,2
14000US36081038400,7,12,11,14,1,1
14000US36081039400,4,5,8,11,1,1
14000US36081039800,5,6,7,10,1,1
14000US36081039900,1,10,1,1,1,2
14000US36081040000,6,7,6,9,1,2
14000US36081040100,1,9,1,2,1,1
14000US36081040200,5,7,5,8,1,2
14000US36081040300,2,8,1,2,1,2
14000US36081040400,6,6,4,7,1,1
14000US36081040500,3,8,1,3,1,2
14000US36081040700,4,6,1,2,1,1
14000US36081040900,5,5,1,2,1,1
14000US36081041100,5,8,3,3,1,1
14000US36081041300,4,8,2,3,1,1
14000US36081041400,5,6,3,7,1,2
14000US36081041500,1,9,2,2,1,1
14000US36081042400,4,7,5,8,2,2
14000US36081042600,3,6,6,9,1,2
14000US36081042700,2,10,2,3,1,1
14000US36081043200,3,7,5,8,1,2
14000US36081043400,4,7,4,7,1,1
14000US36081043701,4,12,4,5,1,1
14000US36081043702,4,10,4,4,1,1
14000US36081043900,3,10,3,4,1,2
14000US36081044000,5,5,3,6,1,1
14000US36081044301,4,9,3,4,1,2
14000US36081044302,6,7,3,3,1,1
14000US36081044400,5,5,2,6,1,1
14000US36081044601,3,4,1,3,1,1
14000US36081044602,3,4,2,2,1,1
14000US36081044800,5,6,1,4,1,1
14000US36081045000,5,5,2,3,1,1
14000US36081045200,3,3,4,6,1,1
14000US36081045400,1,1,2,4,1,2
14000US36081045500,7,7,2,3,1,1
14000US36081045600,1,1,2,3,1,2
14000US36081045700,5,5,1,4,1,1
14000US36081045800,1,1,2,2,1,2
14000US36081045900,4,4,2,3,1,1
14000US36081046000,1,2,1,3,1,1
14000US36081046100,3,3,3,3,1,1
14000US36081046200,4,4,1,5,1,1
14000US36081046300,4,4,2,2,1,1
14000US36081046400,2,2,1,3,1,2
14000US36081046500,4,4,1,3,1,2
14000US36081046600,3,3,1,4,1,2
14000US36081046700,4,4,1,3,1,2
14000US36081046800,4,4,1,5,1,1
14000US36081046900,5,5,1,3,1,2
14000US36081047000,4,4,2,5,1,1
14000US36081047100,1,1,2,3,1,1
14000US36081047200,4,4,1,5,1,1
14000US36081047300,1,1,1,3,1,1
14000US36081047500,2,2,1,3,1,1
14000US36081047600,5,5,2,6,1,2
14000US36081047800,6,6,3,7,1,2
14000US36081047900,2,3,2,3,1,1
14000US36081048000,5,5,3,6,1,1
14000US36081048100,2,3,1,2,1,2
14000US36081048200,6,6,3,7,1,1
14000US36081048300,4,5,1,2,1,2
14000US36081048400,7,7,4,8,1,2
14000US36081048500,2,3,1,3,1,1
14000US36081048900,3,4,2,3,1,1
14000US36081049200,8,8,5,9,1,2
14000US36081049301,4,5,4,4,1,1
14000US36081049302,5,5,4,4,1,1
14000US36081049500,5,5,3,4,1,1
14000US36081049600,8,8,5,9,1,2
14000US36081049700,5,5,4,5,1,1
14000US36081049900,3,3,2,3,1,1
14000US36081050000,7,7,4,8,1,2
14000US36081050201,7,8,5,9,1,2
14000US36081050202,8,8,5,9,1,2
14000US36081050400,7,7,5,8,1,2
14000US36081050500,3,3,2,2,1,2
14000US36081050600,8,8,6,9,1,2
14000US36081050700,4,4,3,4,1,2
14000US36081050800,9,9,6,10,1,1
14000US36081051000,10,10,7,11,1,1
14000US36081051100,4,6,4,4,2,2
14000US36081051200,10,10,7,11,1,1
14000US36081051300,4,5,4,4,1,2
14000US36081051500,3,5,3,3,1,3
14000US36081051600,9,11,9,13,1,1
14000US36081051700,4,5,4,4,2,2
14000US36081051800,9,9,8,11,1,1
14000US36081052000,8,8,8,11,1,1
14000US36081052100,5,5,4,5,1,2
14000US36081052200,7,7,7,10,1,2
14000US36081052400,7,7,6,9,1,2
14000US36081052500,5,6,4,4,1,1
14000US36081052600,6,6,7,10,2,2
14000US36081052800,5,5,8,11,1,2
14000US36081053000,9,9,9,12,1,2
14000US36081053100,5,6,4,4,1,1
14000US36081053200,9,10,9,12,1,1
14000US36081053401,9,12,11,14,1,1
14000US36081053500,6,7,2,2,1,1
14000US36081053601,10,11,8,12,2,2
14000US36081053800,10,11,8,12,1,2
14000US36081053900,5,7,2,2,1,1
14000US36081054000,10,10,7,11,1,2
14000US36081054200,9,9,6,10,1,2
14000US36081054500,3,7,2,3,1,1
14000US36081054700,2,7,1,3,1,2
14000US36081054800,9,9,6,10,1,1
14000US36081054900,1,6,1,2,2,2
14000US36081055100,1,6,1,1,1,1
14000US36081055200,8,8,7,9,1,2
14000US36081055300,2,5,2,2,1,1
14000US36081055400,10,10,8,11,1,1
14000US36081055500,3,5,1,3,1,1
14000US36081055600,9,9,7,10,1,2
14000US36081055700,3,6,3,3,1,1
14000US36081055800,10,10,7,11,1,2
14000US36081055900,3,4,1,2,1,1
14000US36081056000,11,11,9,12,1,2
14000US36081056100,5,6,2,3,1,2
14000US36081056200,12,12,10,13,1,1
14000US36081056400,12,12,9,13,1,2
14000US36081056500,4,5,2,3,1,2
14000US36081056600,11,11,8,12,1,2
14000US36081056700,4,6,3,3,1,2
14000US36081056800,12,12,9,13,1,1
14000US36081057700,5,7,2,3,2,2
14000US36081057900,5,8,2,3,1,2
14000US36081058000,10,12,9,13,1,2
14000US36081058100,4,7,1,2,1,2
14000US36081058200,10,12,9,13,1,2
14000US36081058300,3,6,2,2,1,1
14000US36081058500,2,7,1,1,1,2
14000US36081058700,2,8,1,2,1,2
14000US36081058900,1,8,1,1,1,2
14000US36081059000,9,13,10,14,1,2
14000US36081059100,3,8,2,3,1,1
14000US36081059200,9,13,10,14,2,2
14000US36081059300,2,7,2,2,1,1
14000US36081059400,8,14,11,15,2,2
14000US36081059500,4,7,4,4,1,1
14000US36081059600,8,13,11,15,1,3
14000US36081059800,8,13,11,15,1,2
14000US36081059900,4,5,3,4,1,2
14000US36081060000,8,13,11,15,2,2
14000US36081060100,4,6,3,4,1,1
14000US36081060300,3,6,2,3,1,2
14000US36081060600,7,12,12,16,2,2
14000US36081060701,4,7,1,3,2,2
14000US36081060800,7,12,12,16,1,3
14000US36081061000,6,11,12,15,2,2
14000US36081061200,6,11,13,16,2,2
14000US36081061301,4,8,1,1,1,2
14000US36081061302,6,8,1,3,1,1
14000US36081061400,6,12,13,16,1,3
14000US36081061601,5,11,14,15,1,2
14000US36081061602,5,11,14,15,1,1
14000US36081061800,4,10,14,14,1,1
14000US36081061900,7,7,4,5,1,1
14000US36081062000,4,10,13,14,2,2
14000US36081062100,7,7,5,5,1,1
14000US36081062200,7,13,12,16,1,3
14000US36081062300,7,8,3,4,1,2
14000US36081062400,5,10,13,15,2,3
14000US36081062500,7,8,2,4,1,2
14000US36081062600,3,8,11,13,1,1
14000US36081062700,6,8,3,3,1,3
14000US36081062900,6,7,3,3,1,2
14000US36081063000,4,9,12,14,1,2
14000US36081063200,3,9,13,13,1,1
14000US36081063301,8,8,4,5,1,2
14000US36081063302,8,8,5,6,1,2
14000US36081063500,9,9,5,6,1,2
14000US36081063700,10,10,5,5,1,1
14000US36081063800,5,11,15,15,1,1
14000US36081063900,11,11,4,4,1,1
14000US36081064101,12,12,2,2,1,2
14000US36081064102,11,11,3,3,1,1
14000US36081064500,10,10,4,4,1,1
14000US36081064600,2,8,12,13,1,1
14000US36081065000,1,7,11,12,1,1
14000US36081065400,2,8,12,13,1,1
14000US36081065501,6,6,4,4,1,2
14000US36081065600,4,9,12,13,1,1
14000US36081065702,7,7,2,4,1,2
14000US36081065703,6,6,4,5,1,1
14000US36081065900,6,7,2,4,1,2
14000US36081066000,3,9,12,13,1,1
14000US36081066100,6,6,2,4,1,2
14000US36081066300,5,5,3,4,1,2
14000US36081066400,3,7,10,11,1,1
14000US36081066501,5,6,2,4,1,2
14000US36081066701,5,6,2,4,2,2
14000US36081066900,5,5,3,4,2,2
14000US36081067100,4,4,3,3,1,2
14000US36081067700,5,5,3,4,1,2
14000US36081067900,4,4,2,3,2,2
14000US36081068000,1,7,10,11,1,2
14000US36081068200,1,6,11,12,2,2
14000US36081068300,5,5,1,4,1,1
14000US36081068700,4,4,1,3,1,2
14000US36081069000,2,6,9,10,1,1
14000US36081069300,6,6,1,3,1,2
14000US36081069400,2,7,10,11,1,2
14000US36081069500,5,5,2,2,1,2
14000US36081069701,7,7,1,2,1,1
14000US36081069702,6,6,2,3,1,1
14000US36081070300,7,7,3,3,1,2
14000US36081070700,8,8,3,4,1,2
14000US36081070900,8,8,2,3,1,1
14000US36081071100,8,9,1,4,1,2
14000US36081071303,6,10,1,3,1,2
14000US36081071304,7,9,1,3,1,2
14000US36081071305,7,9,1,3,1,3
14000US36081071306,8,8,1,2,2,2
14000US36081071600,5,5,6,7,1,2
14000US36081071701,7,7,1,4,1,1
14000US36081071702,8,8,1,4,1,2
14000US36081071900,5,11,3,5,1,1
14000US36081072100,6,10,2,4,1,1
14000US36081072300,9,10,2,3,1,1
14000US36081072900,9,9,4,4,1,1
14000US36081073100,10,10,3,3,1,2
14000US36081073700,8,11,1,3,1,2
14000US36081073900,7,12,1,3,1,2
14000US36081074100,5,11,2,2,1,1
14000US36081074300,5,11,3,3,1,1
14000US36081074500,4,12,4,4,1,1
14000US36081074700,4,12,3,3,1,2
14000US36081074900,10,12,1,2,1,2
14000US36081075701,9,13,1,2,1,3
14000US36081075702,7,13,1,2,1,1
14000US36081076901,9,13,1,2,1,2
14000US36081076902,10,12,1,1,2,2
14000US36081077300,11,12,1,2,2,2
14000US36081077500,11,11,1,3,1,3
14000US36081077902,8,8,3,5,1,1
14000US36081077903,8,8,2,4,1,1
14000US36081077904,7,7,4,4,1,1
14000US36081077905,6,6,3,3,1,2
14000US36081077906,7,7,4,6,1,2
14000US36081077907,7,7,3,5,1,1
14000US36081077908,6,6,4,5,1,1
14000US36081078800,5,6,6,7,1,1
14000US36081079000,6,7,6,7,1,2
14000US36081079200,6,6,5,6,1,2
14000US36081079300,6,10,4,5,1,1
14000US36081079701,5,13,2,4,1,2
14000US36081079702,4,12,2,3,1,1
14000US36081079900,5,12,3,4,1,1
14000US36081080301,5,11,3,4,1,2
14000US36081080302,6,10,4,5,1,1
14000US36081080900,8,8,5,6,1,1
14000US36081081400,7,7,4,5,1,1
14000US36081081800,8,8,4,5,1,1
14000US36081083700,7,10,5,6,1,1
14000US36081083800,9,9,2,3,1,1
14000US36081084000,10,10,2,3,1,1
14000US36081084500,7,11,5,6,1,1
14000US36081084601,10,10,1,2,1,2
14000US36081084602,9,9,2,3,1,2
14000US36081084900,3,12,1,2,2,2
14000US36081085300,4,12,1,3,1,1
14000US36081085500,6,13,2,5,1,2
14000US36081085700,5,13,2,4,1,1
14000US36081085900,6,12,3,5,1,2
14000US36081086100,7,11,4,6,1,1
14000US36081086300,7,13,3,6,1,1
14000US36081086400,10,13,1,1,1,2
14000US36081086500,5,12,1,4,1,1
14000US36081086900,3,10,1,2,1,1
14000US36081087100,3,11,1,2,2,2
14000US36081088400,8,12,1,1,1,1
14000US36081088901,5,11,3,4,1,1
14000US36081089200,7,12,2,2,1,1
14000US36081090700,4,9,2,3,1,1
14000US36081091601,6,7,4,4,1,2
14000US36081091602,7,8,3,5,2,2
14000US36081091800,8,9,3,4,1,3
14000US36081091900,5,8,3,4,1,2
14000US36081092200,8,9,2,4,1,3
14000US36081092500,6,8,4,5,1,1
14000US36081092800,9,10,2,3,1,2
14000US36081092900,6,7,4,5,2,2
14000US36081093401,9,10,1,3,1,2
14000US36081093402,10,11,1,2,1,1
14000US36081093800,11,12,1,1,1,1
14000US36081093900,7,9,5,6,1,2
14000US36081094201,14,15,1,2,1,1
14000US36081094202,15,16,1,1,1,1
14000US36081094203,14,15,1,1,1,2
14000US36081094500,8,10,6,7,1,1
14000US36081094700,6,8,4,5,1,1
14000US36081095400,16,17,1,2,1,1
14000US36081096400,17,18,1,1,1,1
14000US36081097202,19,20,1,2,1,1
14000US36081097203,19,20,1,2,1,1
14000US36081097204,18,19,1,1,1,1
14000US36081097300,8,11,6,7,1,2
14000US36081098100,9,11,7,7,1,2
14000US36081098700,10,12,6,7,1,2
14000US36081099100,10,13,6,7,1,1
14000US36081099200,21,22,1,2,1,1
14000US36081099701,11,12,8,9,1,2
14000US36081099703,12,12,10,11,1,1
14000US36081099704,12,13,9,10,1,1
14000US36081099705,13,13,11,12,1,1
14000US36081099801,22,23,1,2,1,1
14000US36081099802,22,23,2,2,1,1
14000US36081099900,13,13,11,12,1,1
14000US36081100801,23,24,2,3,1,1
14000US36081100802,23,24,2,3,1,1
14000US36081101001,24,25,2,3,1,1
14000US36081101002,25,26,2,4,1,1
14000US36081101700,10,13,8,8,1,1
14000US36081102900,9,12,7,7,1,1
14000US36081103201,24,25,1,3,1,1
14000US36081103202,25,26,2,4,1,1
14000US36081103300,8,12,6,7,1,1
14000US36081103900,7,11,5,6,1,1
14000US36081104700,6,12,4,5,1,1
14000US36081105900,9,13,7,8,1,2
14000US36081107201,15,16,1,1,1,2
14000US36081107202,16,17,1,2,1,2
14000US36081108500,11,11,9,10,1,1
14000US36081109300,11,11,10,11,1,2
14000US36081109700,12,12,11,11,1,1
14000US36081109900,11,11,10,10,1,1
14000US36081111300,10,10,9,11,1,2
14000US36081112300,11,11,10,12,1,2
14000US36081112900,11,11,10,12,1,1
14000US36081113300,10,10,9,11,1,1
14000US36081113900,11,11,10,10,1,1
14000US36081114100,11,11,9,10,1,2
14000US36081114700,10,12,8,9,2,2
14000US36081115100,9,12,7,8,2,2
14000US36081115500,8,12,6,7,1,2
14000US36081115700,7,12,5,6,1,1
14000US36081115900,6,13,4,5,1,1
14000US36081116100,5,12,3,4,1,1
14000US36081116300,7,13,4,6,1,1
14000US36081116700,8,11,6,7,1,2
14000US36081117100,10,11,7,9,1,2
14000US36081117500,10,10,9,9,1,1
14000US36081118100,9,9,8,10,1,1
14000US36081118500,10,10,7,9,1,2
14000US36081118700,9,11,5,8,1,1
14000US36081118900,8,10,5,7,1,2
14000US36081119100,9,10,6,8,2,2
14000US36081119300,10,10,8,9,1,2
14000US36081119500,9,9,8,8,1,3
14000US36081119900,9,9,6,8,2,2
14000US36081120100,8,10,5,7,1,2
14000US36081120300,8,9,6,7,2,2
14000US36081120500,7,10,5,6,1,1
14000US36081120700,10,10,7,9,1,3
14000US36081121100,8,8,7,7,1,2
14000US36081121500,7,7,6,8,1,1
14000US36081122300,6,6,5,7,1,1
14000US36081122701,6,6,6,7,1,1
14000US36081122702,7,7,5,7,1,1
14000US36081124100,5,5,5,6,1,1
14000US36081124700,5,5,4,6,1,2
14000US36081125700,4,4,5,5,1,1
14000US36081126500,3,3,4,4,1,1
14000US36081126700,2,2,3,4,1,1
14000US36081127700,3,3,2,4,1,2
14000US36081128300,5,5,4,6,1,1
14000US36081129102,7,7,6,8,1,1
14000US36081129103,6,6,5,7,1,1
14000US36081129104,8,8,7,9,1,1
14000US36081130100,11,11,9,12,1,1
14000US36081133300,4,4,3,5,1,1
14000US36081133900,4,4,3,5,1,2
14000US36081134100,5,5,4,6,1,1
14000US36081134700,5,5,4,6,1,1
14000US36081136700,7,7,6,8,1,1
14000US36081137700,9,9,8,10,1,1
14000US36081138501,8,8,7,9,1,1
14000US36081138502,10,10,9,11,1,2
14000US36081139900,7,7,6,8,1,1
14000US36081140300,7,7,6,8,1,1
14000US36081140901,7,7,6,8,1,1
14000US36081140902,6,6,5,7,1,1
14000US36081141700,7,7,6,8,1,1
14000US36081142900,7,7,6,8,1,2
14000US36081143500,8,8,7,9,1,1
14000US36081144100,8,8,7,9,1,1
14000US36081144700,9,9,8,10,1,1
14000US36081145101,8,8,7,9,1,2
14000US36081145102,8,8,7,9,1,2
14000US36081145900,8,8,7,9,1,2
14000US36081146300,9,9,8,10,1,2
14000US36081146700,10,10,9,11,1,1
14000US36081147100,9,9,8,10,1,2
14000US36081147900,12,12,11,13,1,1
14000US36081148300,11,11,10,12,1,1
14000US36081150701,11,11,10,12,1,1
14000US36081150702,12,12,11,13,1,1
14000US36081152901,10,10,9,11,1,1
14000US36081152902,12,12,11,13,1,1
14000US36081155101,13,13,12,14,1,1
14000US36081155102,13,13,12,14,1,1
14000US36081156700,12,12,11,13,1,1
14000US36081157101,14,14,12,15,1,1
14000US36081157102,13,13,11,14,1,1
14000US36081157901,15,15,14,16,1,1
14000US36081157902,15,15,13,16,1,1
14000US36081157903,16,16,14,17,1,1
14000US36081161700,14,14,12,15,1,1
14000US36081162100,12,12,10,13,1,1
14000US36085000300,2,10,7,8,1,1
14000US36085000600,3,10,5,6,1,2
14000US36085000700,4,11,9,10,1,1
14000US36085000800,3,9,5,7,1,2
14000US36085000900,4,10,9,10,1,1
14000US36085001100,4,10,9,10,1,1
14000US36085001700,3,11,9,10,1,1
14000US36085001800,5,9,3,5,2,3
14000US36085002001,3,9,5,7,1,1
14000US36085002002,4,8,4,6,1,2
14000US36085002100,1,9,8,9,1,2
14000US36085002700,1,8,8,9,1,1
14000US36085002900,2,7,8,9,1,1
14000US36085003300,2,6,9,10,1,1
14000US36085003600,3,8,6,8,1,1
14000US36085003900,3,5,9,11,1,2
14000US36085004000,3,7,7,9,1,1
14000US36085004700,4,5,8,10,1,1
14000US36085005000,5,6,7,9,1,1
14000US36085005900,4,6,10,12,1,1
14000US36085006400,5,7,5,7,1,1
14000US36085006700,5,6,11,13,1,1
14000US36085007000,6,8,6,8,1,1
14000US36085007400,5,8,4,6,1,2
14000US36085007500,3,7,10,11,1,1
14000US36085007700,4,8,11,12,1,1
14000US36085008100,5,8,11,12,1,1
14000US36085009601,6,6,6,8,1,1
14000US36085009602,6,7,7,9,1,1
14000US36085009700,6,7,12,14,1,2
14000US36085010500,6,6,12,14,1,1
14000US36085011201,7,8,7,9,1,1
14000US36085011202,8,8,8,10,1,1
14000US36085011401,6,8,8,10,1,1
14000US36085011402,6,8,8,10,1,1
14000US36085012100,5,6,11,13,1,1
14000US36085012200,7,9,9,11,1,1
14000US36085012500,6,6,13,15,1,1
14000US36085012804,8,9,9,11,1,1
14000US36085012805,9,11,11,13,1,1
14000US36085012806,9,10,10,12,1,1
14000US36085013201,9,11,11,13,1,1
14000US36085013203,10,11,13,15,1,1
14000US36085013204,10,12,12,14,1,1
14000US36085013301,7,7,13,15,1,1
14000US36085013302,6,6,14,16,1,1
14000US36085013400,8,10,10,12,1,1
14000US36085013800,10,12,12,14,1,1
14000US36085014100,5,5,14,16,1,2
14000US36085014604,8,12,14,16,1,1
14000US36085014605,10,12,14,16,1,1
14000US36085014606,11,11,13,15,1,1
14000US36085014607,8,12,15,17,1,1
14000US36085014608,9,13,15,17,1,1
14000US36085014700,4,6,10,12,1,1
14000US36085015100,3,5,12,14,1,2
14000US36085015400,10,11,12,14,1,1
14000US36085015601,9,12,13,15,1,1
14000US36085015602,9,12,13,15,1,2
14000US36085015603,10,11,12,14,1,1
14000US36085016901,3,5,9,11,1,1
14000US36085017005,8,12,15,17,1,1
14000US36085017007,6,10,17,19,1,2
14000US36085017008,6,10,16,18,1,1
14000US36085017009,7,11,16,18,1,1
14000US36085017010,7,11,17,19,1,1
14000US36085017011,8,12,14,16,1,1
14000US36085017012,7,11,15,17,1,2
14000US36085017300,2,6,10,12,1,2
14000US36085017600,10,13,14,16,1,1
14000US36085017700,4,6,8,10,1,1
14000US36085018100,1,6,11,13,1,2
14000US36085018701,2,5,11,13,1,1
14000US36085018702,1,5,11,13,1,2
14000US36085018901,2,3,13,15,1,1
14000US36085018902,1,4,13,15,1,2
14000US36085019700,3,4,12,14,1,2
14000US36085019800,9,13,16,18,1,1
14000US36085020100,4,4,13,15,1,2
14000US36085020700,4,7,16,18,1,1
14000US36085020801,8,12,18,20,1,1
14000US36085020803,9,13,17,19,1,1
14000US36085020804,8,12,16,18,1,1
14000US36085021300,4,6,15,17,1,1
14000US36085022300,2,6,16,18,1,1
14000US36085022600,9,13,18,20,1,1
14000US36085022800,5,9,17,19,1,2
14000US36085023100,1,5,16,18,1,1
14000US36085023900,2,5,16,18,1,1
14000US36085024401,11,15,18,20,1,1
14000US36085024700,3,5,14,16,1,1
14000US36085024800,12,16,19,21,1,1
14000US36085025100,2,3,14,16,1,1
14000US36085027301,9,13,19,21,1,1
14000US36085027302,1,5,13,15,1,1
14000US36085027702,6,10,18,20,1,1
14000US36085027704,8,12,18,20,1,1
14000US36085027705,9,13,19,21,1,1
14000US36085027706,8,12,18,20,1,1
14000US36085027900,8,12,16,18,1,1
14000US36085029102,4,8,19,21,1,1
14000US36085029103,3,7,18,20,1,1
14000US36085029104,2,6,17,19,1,1
14000US36085030301,1,5,16,18,1,1
14000US36085030302,1,6,17,19,1,1
14000US36085031901,1,6,17,19,1,2
14000US36085031902,2,6,17,19,1,2
14000US36085032300,2,7,18,20,1,1
14000US36085990100,10,11,11,13,2,2
